10 0.939882 0.296188 0.912024 0.300586 0.910558 0.24047 0.935484 0.231672
9 0.0205278 0.629033 -0.0073316 0.629033 6.71208e-07 0.422288 0.0293248 0.423753
9 0.454546 0.634898 0.42522 0.636363 0.431084 0.431085 0.458944 0.429618
9 0.414957 0.634898 0.384164 0.636363 0.391495 0.428153 0.420821 0.426687
9 0.0586507 0.626099 0.0293248 0.629033 0.0395901 0.422288 0.0674494 0.422288
9 0.375367 0.633431 0.348974 0.633431 0.350439 0.426687 0.381231 0.42522
9 0.338709 0.634898 0.307919 0.63783 0.307919 0.42522 0.343109 0.42522
9 0.266863 0.631965 0.23607 0.633431 0.24047 0.426687 0.269794 0.426687
9 0.222874 0.634898 0.193548 0.63783 0.197948 0.42522 0.22874 0.426687
9 0.181818 0.630498 0.152492 0.633431 0.162756 0.419354 0.190615 0.419354
9 0.140762 0.633431 0.108504 0.631965 0.121702 0.422288 0.155425 0.422288
9 0.09824 0.624634 0.0689142 0.629033 0.0762465 0.417889 0.107039 0.414956
