9 0.442815 0.916421 0.59384 1.0132 0.574779 1.04252 0.423754 0.944281
9 0.500001 0.898826 0.649561 0.995601 0.629034 1.02493 0.483869 0.931084
9 0.460412 0.866569 0.47654 0.840177 0.702347 0.978006 0.686215 1.0088
9 0.50733 0.782992 0.529326 0.753664 0.760998 0.906159 0.739002 0.944281
9 0.511729 0.731672 0.530791 0.706745 0.750734 0.850439 0.730207 0.882699
9 0.551318 0.70528 0.56598 0.674487 0.799121 0.822582 0.781524 0.853372
9 0.59091 0.670087 0.608503 0.636362 0.83431 0.775659 0.813784 0.807917
9 0.614371 0.6261 0.636363 0.596775 0.856306 0.721407 0.838709 0.758065
9 0.645162 0.585045 0.665688 0.552785 0.895895 0.675952 0.876833 0.711145
10 0.360704 0.277126 0.325515 0.256598 0.3827 0.170088 0.41642 0.187683
10 0.0762463 0.112903 0.043987 0.0938416 0.0718471 0.0527861 0.127567 0.0542523
10 0.111436 0.13783 0.0806455 0.115836 0.134897 0.0542523 0.17302 0.0571848
