10 0.130859 0.0332032 0.129883 0.0566407 0.0849608 0.055664 0.0849608 0.0322265
10 0.444337 0.0273437 0.445312 0.0400392 0.40625 0.0380858 0.40625 0.0263672
10 0.31836 0.0244141 0.31836 0.0361327 0.283202 0.0361327 0.283202 0.0234375
10 0.134766 0.0175781 0.13379 0.0312501 0.0957031 0.0292968 0.0947278 0.0175781
10 0.250978 0.0214844 0.251953 0.0371094 0.208984 0.0371094 0.208008 0.0214844
10 0.246093 0.0400392 0.245117 0.0605469 0.205077 0.0585938 0.205077 0.0400392
10 0.251953 0.356445 0.249024 0.335936 0.293944 0.332032 0.295898 0.353516
10 0.0761719 0.35547 0.0771472 0.373047 0.0380847 0.375001 0.0371094 0.357423
10 0.411132 0.323243 0.41211 0.340821 0.371094 0.342774 0.370116 0.324219
10 0.466797 0.319337 0.46875 0.339843 0.424805 0.342774 0.423827 0.322265
10 0.533204 0.313476 0.534179 0.333985 0.489257 0.336914 0.486328 0.317383
10 0.322264 0.0429687 0.322264 0.0625 0.279298 0.0605469 0.280273 0.0410156
