10 0.167157 0.381232 0.152493 0.366569 0.180351 0.335777 0.196479 0.353372
10 0.209679 0.340176 0.193551 0.328446 0.225808 0.293255 0.243401 0.307918
10 0.25073 0.29912 0.230208 0.288856 0.266859 0.2522 0.280059 0.269795
10 0.284459 0.262463 0.26833 0.2522 0.300588 0.21261 0.318181 0.228739
10 0.33871 0.206745 0.324045 0.196481 0.356303 0.158357 0.368038 0.17302
10 0.155422 0.510264 0.168622 0.526393 0.136364 0.560118 0.123164 0.545455
10 0.196479 0.469208 0.211144 0.483871 0.180351 0.514663 0.162757 0.5
10 0.234601 0.428152 0.252201 0.442815 0.222873 0.473607 0.205279 0.460411
10 0.278595 0.384164 0.296188 0.401759 0.26393 0.431085 0.247801 0.417889
10 0.315252 0.344574 0.32991 0.360704 0.304988 0.390029 0.285923 0.379765
10 0.360703 0.300587 0.373903 0.315249 0.34311 0.347507 0.325516 0.337243
10 0.395896 0.265396 0.41056 0.277126 0.384167 0.31085 0.365103 0.296188
10 0.434018 0.222874 0.453082 0.23607 0.420818 0.268328 0.404689 0.256598
10 0.478004 0.181818 0.491204 0.195015 0.461876 0.225807 0.444283 0.215542
10 0.423754 0.118769 0.409089 0.107038 0.423754 0.0909091 0.454547 0.0923756
10 0.384167 0.159824 0.366567 0.14956 0.394425 0.118769 0.409089 0.130499
10 0.0425204 0.624634 0.0586492 0.642229 0.024927 0.675953 0.00879819 0.66129
10 0.111436 0.555719 0.1261 0.567449 0.0938422 0.604106 0.0747779 0.589443
10 0.127564 0.423754 0.111436 0.410557 0.146629 0.381232 0.155422 0.394428
10 0.0850424 0.463343 0.0718491 0.456012 0.101171 0.423754 0.115836 0.435484
10 0.0351913 0.517596 0.0175982 0.507331 0.0483848 0.475073 0.0615847 0.489736
14 0.652492 0.598241 0.75953 0.705278 0.706743 0.763929 0.593841 0.659824
10 0.967739 0.972143 0.950146 0.960408 0.985339 0.926686 0.998533 0.941351
10 0.929617 1.01173 0.913489 0.999998 0.948682 0.967745 0.960411 0.982402
10 0.961875 0.131965 0.951611 0.152493 0.914953 0.134897 0.925218 0.115836
