0 0.774415 0.935547 0.740236 0.953126 0.708007 0.915041 0.749024 0.889647
0 0.80371 0.780273 0.80371 0.859373 0.730467 0.863283 0.728518 0.783204
2 0.250977 0.624998 0.29004 0.632813 0.277345 0.666014 0.244142 0.659182
2 0.208009 0.661134 0.245115 0.667967 0.237304 0.703125 0.202148 0.698241
2 0.249023 0.664061 0.291017 0.672851 0.275391 0.708983 0.241212 0.700193
2 0.254884 0.583982 0.295898 0.59375 0.283202 0.62793 0.250977 0.622071
2 0.208986 0.623046 0.249023 0.629882 0.241212 0.663087 0.202148 0.658203
2 0.21582 0.581055 0.251953 0.583008 0.245115 0.625977 0.208986 0.621093
0 0.542968 0.79492 0.538087 0.720703 0.614257 0.711914 0.619141 0.79004
0 0.17383 0.605471 0.167969 0.680666 0.0849607 0.680666 0.090822 0.599609
0 0.166015 0.69043 0.161134 0.768556 0.0732421 0.768556 0.0791032 0.685546
0 0.155273 0.845704 0.148439 0.92871 0.0615232 0.926757 0.0683576 0.84082
0 0.148439 0.935547 0.143554 1 0.056639 1 0.0625001 0.930663
0 0.526368 0.636719 0.522461 0.562498 0.605469 0.553713 0.606446 0.63965
0 0.797853 0.70703 0.799803 0.772462 0.728518 0.779298 0.722656 0.708983
0 0.79883 0.62793 0.799803 0.701172 0.716799 0.705077 0.714845 0.628908
0 0.796876 0.554687 0.795899 0.610351 0.72461 0.615235 0.723633 0.55664
0 0.904298 0.694335 0.901368 0.620118 0.970703 0.613282 0.970703 0.691408
0 0.911133 0.818361 0.911133 0.771483 0.963869 0.76953 0.964842 0.816405
