10 0.770507 0.0546876 0.750977 0.0527344 0.75293 0.010742 0.770507 0.0117186
9 0.660156 0.378907 0.649413 0.393555 0.575195 0.360352 0.582031 0.344727
9 0.632813 0.670898 0.625976 0.690429 0.544922 0.661132 0.551757 0.641601
9 0.633789 0.611329 0.621093 0.63086 0.548828 0.595703 0.55664 0.578125
9 0.630859 0.637696 0.618164 0.655273 0.543945 0.625977 0.553711 0.604493
9 0.645508 0.503906 0.635742 0.523438 0.55664 0.492187 0.566406 0.473633
9 0.642578 0.452148 0.62793 0.471679 0.555665 0.435546 0.565429 0.416015
9 0.640625 0.425781 0.630859 0.444336 0.555665 0.407226 0.564454 0.391602
9 0.651367 0.402343 0.640625 0.421874 0.565429 0.38379 0.575195 0.367188
9 0.790039 0.142579 0.777344 0.123047 0.842774 0.083008 0.855469 0.100586
10 0.720703 0.0439453 0.702148 0.0439453 0.704102 -2.08616e-07 0.72168 0.000976369
9 0.780273 0.170898 0.770507 0.151368 0.845703 0.115235 0.852539 0.132813
9 0.786133 0.197265 0.77539 0.179687 0.845703 0.143555 0.854492 0.15918
9 0.790039 0.224609 0.778321 0.208007 0.851563 0.169921 0.861328 0.190429
9 0.786133 0.286133 0.770507 0.266601 0.84668 0.229492 0.855469 0.250976
9 0.785156 0.316406 0.776367 0.297852 0.848633 0.260742 0.856445 0.27832
9 0.790039 0.370118 0.779296 0.352539 0.854492 0.314453 0.866211 0.332031
9 0.779296 0.405273 0.768555 0.387696 0.842774 0.348633 0.852539 0.364258
9 0.47168 0.18164 0.463867 0.164062 0.523437 0.139649 0.530273 0.161133
9 0.470703 0.260742 0.472656 0.241211 0.545899 0.245117 0.542968 0.263672
9 0.458984 0.496094 0.459961 0.477539 0.534179 0.477539 0.534179 0.49707
9 0.451172 0.519531 0.452149 0.5 0.526367 0.503906 0.524414 0.523438
9 0.340821 0.64746 0.338867 0.664062 0.254883 0.661132 0.256836 0.641601
9 0.341798 0.619141 0.341798 0.639649 0.256836 0.640624 0.254883 0.618165
9 0.34375 0.594727 0.338867 0.616211 0.256836 0.612305 0.256836 0.590821
9 0.336915 0.56836 0.336915 0.584961 0.25 0.586914 0.250977 0.56543
9 0.345704 0.540039 0.344727 0.560547 0.256836 0.5625 0.257813 0.541016
9 0.345704 0.4375 0.34375 0.458007 0.262696 0.448242 0.263671 0.432617
9 0.347656 0.410156 0.346679 0.427734 0.262696 0.424804 0.262696 0.407226
9 0.348633 0.384766 0.345704 0.40332 0.262696 0.398438 0.262696 0.378907
9 0.354492 0.329102 0.353516 0.347657 0.269531 0.350586 0.269531 0.330078
9 0.355469 0.304688 0.354492 0.323242 0.270508 0.321289 0.270508 0.301758
9 0.355469 0.282227 0.351562 0.300781 0.268554 0.294922 0.269531 0.27832
9 0.358398 0.25293 0.356445 0.273437 0.273437 0.267578 0.276368 0.248047
9 0.351562 0.203125 0.348633 0.220703 0.264648 0.21875 0.266602 0.198242
9 0.447266 0.654296 0.448243 0.636719 0.523437 0.639649 0.519531 0.659179
9 0.441406 0.625977 0.442383 0.608399 0.516602 0.609375 0.514648 0.628907
9 0.784179 0.458984 0.771484 0.441406 0.842774 0.402343 0.854492 0.418945
9 0.783204 0.488281 0.772461 0.471679 0.844726 0.43457 0.852539 0.451172
9 0.784179 0.515625 0.774415 0.49707 0.848633 0.461914 0.857422 0.478515
9 0.97168 0.165038 0.979492 0.18457 0.907227 0.219726 0.899415 0.203125
9 0.952148 0.089844 0.959961 0.110352 0.885743 0.144532 0.875977 0.126954
9 0.969727 0.139649 0.978516 0.157227 0.907227 0.194335 0.897461 0.177734
9 0.96582 0.228515 0.972656 0.246094 0.896484 0.282227 0.887695 0.263672
9 0.780273 0.576172 0.764649 0.55957 0.839843 0.523438 0.850586 0.538086
9 0.96875 0.257812 0.973633 0.276367 0.90039 0.30957 0.893555 0.294922
9 0.774415 0.605469 0.764649 0.590821 0.835937 0.555664 0.844726 0.572266
9 0.770507 0.666992 0.760742 0.648437 0.833985 0.614258 0.844726 0.631836
9 0.765624 0.694336 0.756836 0.676757 0.831054 0.646484 0.836914 0.665039
9 0.803711 0.719726 0.804688 0.701172 0.887695 0.703125 0.887695 0.723633
9 0.961914 0.63379 0.96875 0.65332 0.894532 0.6875 0.886718 0.669921
9 0.954102 0.608399 0.963867 0.62793 0.888672 0.666992 0.879883 0.65039
9 0.952148 0.582032 0.960937 0.598633 0.886718 0.634766 0.877929 0.618165
9 0.948242 0.525391 0.958985 0.544922 0.885743 0.581055 0.874023 0.5625
9 0.955079 0.466797 0.963867 0.484375 0.889649 0.519531 0.879883 0.503906
9 0.953125 0.439453 0.960937 0.459961 0.884766 0.492187 0.875977 0.475586
9 0.955079 0.408203 0.960937 0.426757 0.888672 0.461914 0.88086 0.447265
9 0.959961 0.37793 0.969727 0.399415 0.891601 0.432617 0.882812 0.413085
9 0.96582 0.344727 0.973633 0.362305 0.898438 0.398438 0.889649 0.379883
9 0.974609 0.310547 0.982422 0.331055 0.90625 0.366211 0.895507 0.347657
9 0.970703 0.287109 0.976562 0.306641 0.903321 0.334961 0.895507 0.321289
9 0.161132 0.646484 0.177735 0.634766 0.223633 0.697265 0.207031 0.708008
9 0.472656 0.286133 0.473633 0.268555 0.543945 0.272461 0.542968 0.291992
10 0.40332 0.783203 0.417969 0.782227 0.416992 0.822266 0.400391 0.821289
10 0.350586 0.782227 0.362305 0.782227 0.362305 0.819336 0.347656 0.816407
10 0.238282 0.953125 0.233399 0.972656 0.193359 0.962891 0.198242 0.945312
10 0.21875 0.604493 0.233399 0.604493 0.230468 0.637696 0.214844 0.637696
10 0.219727 0.505859 0.236328 0.505859 0.234376 0.544922 0.219727 0.547852
10 0.166992 0.487305 0.18457 0.486328 0.183594 0.517578 0.166992 0.515625
10 0.227539 0.358399 0.245117 0.358399 0.241211 0.402343 0.223633 0.402343
10 0.227539 0.311524 0.242188 0.3125 0.240234 0.351563 0.22461 0.34961
10 0.229493 0.255859 0.24707 0.255859 0.244141 0.297852 0.226562 0.294922
10 0.434571 0.280273 0.454101 0.280273 0.449218 0.329102 0.43164 0.327149
10 0.231445 0.197265 0.248047 0.196289 0.248047 0.240234 0.230468 0.240234
10 0.233399 0.135743 0.25 0.134766 0.248047 0.18164 0.231445 0.18164
10 0.234376 0.0371093 0.25293 0.0351562 0.251953 0.0839846 0.232422 0.0839846
10 0.363281 0.13379 0.339844 0.134766 0.33789 0.0947268 0.359375 0.0927737
10 0.374999 0.78125 0.388671 0.780274 0.389648 0.8125 0.373047 0.813477
10 0.430663 0.785156 0.444335 0.785156 0.44336 0.825196 0.427734 0.825196
10 0.457032 0.77832 0.473633 0.77832 0.47168 0.822266 0.454101 0.821289
10 0.500976 0.915039 0.518555 0.914062 0.516602 0.956054 0.499024 0.957031
10 0.472656 0.913086 0.493164 0.913086 0.49121 0.959961 0.472656 0.959961
10 0.447266 0.917968 0.467773 0.918945 0.464844 0.958984 0.44336 0.958984
10 0.420899 0.916015 0.438477 0.915039 0.4375 0.958008 0.419922 0.957031
10 0.396485 0.916992 0.412109 0.915039 0.410156 0.955078 0.394531 0.957031
10 0.366211 0.916992 0.382813 0.916015 0.381836 0.958008 0.364258 0.958984
10 0.339844 0.911132 0.352539 0.909179 0.352539 0.950195 0.336915 0.951172
10 0.341798 0.825196 0.363281 0.826172 0.359375 0.869141 0.339844 0.868165
10 0.371093 0.827149 0.388671 0.828125 0.386719 0.869141 0.370117 0.870118
10 0.399414 0.827149 0.417969 0.827149 0.415039 0.867188 0.395508 0.865235
10 0.423828 0.827149 0.44336 0.828125 0.44336 0.867188 0.422851 0.868165
10 0.510742 0.824219 0.522461 0.824219 0.520508 0.864258 0.506836 0.863282
10 0.481446 0.830078 0.49707 0.829102 0.495118 0.866212 0.480469 0.865235
10 0.511719 0.77832 0.530273 0.77832 0.527344 0.822266 0.510742 0.819336
10 0.485352 0.785156 0.499024 0.786133 0.495118 0.825196 0.481446 0.825196
9 0.467773 0.3125 0.46875 0.294922 0.540039 0.297852 0.539062 0.314453
10 0.320312 0.177734 0.321289 0.196289 0.271485 0.196289 0.268554 0.179687
10 0.3125 0.135743 0.315429 0.153321 0.277343 0.153321 0.277343 0.136719
10 0.68164 0.123047 0.666993 0.113282 0.683594 0.0742189 0.701171 0.083008
10 0.794922 0.0439453 0.777344 0.0439453 0.776367 0.00488263 0.794922 0.00390607
10 0.526367 0.0986331 0.50879 0.09668 0.512696 0.0527344 0.529297 0.0556641
10 0.0976562 0.161133 0.113281 0.161133 0.113281 0.202148 0.0976562 0.202148
9 0.804688 0.246094 0.794922 0.230468 0.865234 0.191406 0.874023 0.208007
9 0.599609 0.259766 0.597657 0.242187 0.677734 0.237304 0.678711 0.255859
9 0.599609 0.202148 0.599609 0.183593 0.659179 0.18164 0.659179 0.201171
9 0.459961 0.443359 0.459961 0.424804 0.532227 0.424804 0.532227 0.444336
9 0.464844 0.366211 0.466797 0.347657 0.53711 0.348633 0.53711 0.368164
9 0.467773 0.337891 0.46875 0.321289 0.538085 0.323242 0.538085 0.340821
10 0.316406 0.155274 0.3125 0.174804 0.277343 0.173828 0.279297 0.156251
10 0.157226 0.145508 0.158203 0.166015 0.121094 0.166992 0.118164 0.150391
10 0.269531 0.870118 0.275391 0.884765 0.246094 0.90332 0.238282 0.887695
10 0.15332 0.172851 0.155274 0.186523 0.118164 0.188476 0.117187 0.173828
10 0.266602 0.84961 0.270508 0.867188 0.236328 0.879883 0.229493 0.861329
10 0.265625 0.825196 0.27246 0.842774 0.237305 0.855469 0.230468 0.836914
10 0.657227 0.345703 0.644531 0.362305 0.618164 0.348633 0.626953 0.332031
10 0.144531 0.452148 0.143554 0.469726 0.0937499 0.466797 0.0947265 0.448242
10 0.142578 0.42871 0.144531 0.446289 0.103516 0.446289 0.101563 0.432617
10 0.143554 0.408203 0.143554 0.425781 0.103516 0.425781 0.104492 0.411132
10 0.142578 0.38379 0.143554 0.401367 0.0957031 0.40332 0.0957031 0.385743
10 0.141602 0.359375 0.139648 0.37793 0.107422 0.378907 0.105469 0.360352
10 0.144531 0.336914 0.143554 0.355469 0.107422 0.352539 0.105469 0.336914
10 0.143554 0.305664 0.142578 0.321289 0.105469 0.320313 0.105469 0.303711
10 0.142578 0.28418 0.140625 0.299805 0.105469 0.294922 0.107422 0.279297
10 0.112305 0.152344 0.0937499 0.156251 0.0898438 0.118164 0.107422 0.116211
10 0.154297 0.259766 0.155274 0.277344 0.115234 0.276367 0.115234 0.257812
10 0.154297 0.237304 0.152343 0.25293 0.113281 0.249023 0.113281 0.232422
10 0.152343 0.196289 0.154297 0.217773 0.113281 0.219726 0.109375 0.201171
