9 0.730206 0.957479 0.717009 0.923754 0.843109 0.879766 0.856305 0.914956
9 0.498534 0.526392 0.488271 0.492669 0.705278 0.428152 0.717009 0.46041
9 0.693548 0.848974 0.683284 0.818182 0.802053 0.781525 0.812317 0.812317
9 0.659825 0.800586 0.648093 0.768329 0.771261 0.731671 0.781525 0.762463
9 0.538123 0.788857 0.529326 0.755132 0.778592 0.67742 0.788857 0.709677
9 0.51173 0.697948 0.502933 0.668622 0.758065 0.592376 0.766862 0.624634
9 0.381232 0.837243 0.404691 0.813784 0.480938 0.881232 0.457478 0.903226
9 0.34604 0.870968 0.368035 0.844576 0.461876 0.92522 0.439883 0.951612
9 0.451613 0.492669 0.441349 0.457479 0.695014 0.38563 0.703813 0.417889
9 0.709677 0.917889 0.702347 0.894428 0.831379 0.846041 0.843109 0.876832
9 0.410557 0.368035 0.40176 0.340176 0.648093 0.262463 0.656892 0.293255
9 0.392962 0.32698 0.382698 0.293255 0.639296 0.215542 0.648093 0.2478
9 0.398827 0.281525 0.390029 0.2522 0.630499 0.174487 0.639296 0.203812
9 0.366569 0.250733 0.356305 0.22434 0.611437 0.131966 0.623167 0.162756
9 0.332844 0.142229 0.32698 0.112903 0.577712 0.0425215 0.586511 0.0718469
9 0.151026 0.105572 0.120234 0.111437 0.0967745 0.0175959 0.130498 0.0117297
9 0.146627 0.458944 0.118768 0.475073 0.0483867 0.368035 0.0762459 0.353372
9 0.717009 0.882697 0.705278 0.848974 0.796188 0.818182 0.807917 0.85044
9 0.115835 0.476539 0.0821117 0.497067 0.00586488 0.388563 0.0351905 0.365103
9 0.246334 0.0615839 0.206745 0.07478 0.181818 -0.0190622 0.218474 -0.0307917
10 0.848975 0.0806448 0.819649 0.0777131 0.82258 0.0161293 0.853372 0.0175959
10 0.268329 0.15396 0.263929 0.126099 0.313784 0.118768 0.318181 0.143695
10 0.671555 0.265396 0.670088 0.234604 0.731672 0.231671 0.733139 0.259531
10 0.758065 0.548388 0.753666 0.520527 0.813783 0.508798 0.818182 0.53519
10 0.548386 0.59824 0.538123 0.571847 0.596774 0.555719 0.604106 0.580645
10 0.561583 0.642228 0.554252 0.612903 0.612903 0.593842 0.6217 0.621701
10 0.454546 0.956012 0.469208 0.935485 0.51173 0.973606 0.5 0.992669
10 0.0733131 0.052786 0.101174 0.0469212 0.111437 0.104105 0.0879758 0.10997
10 0.055719 0.0630504 0.0777123 0.0586508 0.0865111 0.111437 0.064516 0.11437
10 0.033724 0.0615839 0.0586502 0.0601173 0.064516 0.11437 0.0381233 0.117301
10 0.00879779 0.0659821 0.0351905 0.0630504 0.0366569 0.120235 0.0146636 0.120235
