7 0.013197 0.489736 0.0337246 0.475075 0.400292 0.875366 0.376833 0.892963
7 0.145161 0.372435 0.168623 0.354838 0.526392 0.747799 0.502933 0.769793
7 0.280059 0.252199 0.300586 0.234605 0.651027 0.617302 0.631965 0.634896
7 0.412025 0.130499 0.432552 0.109971 0.807918 0.524926 0.791788 0.541056
7 0.548386 0.0102649 0.567448 -0.00879846 0.944282 0.404693 0.922288 0.422287
1 1.02199 0.263929 0.992669 0.300587 0.82698 0.134898 0.862169 0.101174
1 0.0953074 0.884163 0.108506 0.898827 0.0703822 0.935484 0.057184 0.920821
1 0.882699 0.385629 0.848973 0.419354 0.690616 0.249266 0.724339 0.217008
1 0.807918 0.447214 0.772726 0.479472 0.620235 0.31085 0.65689 0.277126
1 0.675952 0.573314 0.643694 0.605572 0.492669 0.435484 0.527858 0.401759
1 0.621701 0.631966 0.58651 0.668621 0.426686 0.501466 0.46481 0.467741
1 0.363638 0.492669 0.324048 0.52786 0.17302 0.354838 0.211144 0.322581
1 0.0821119 0.617302 0.101174 0.599708 0.17302 0.671554 0.153958 0.695014
1 0.146626 0.941348 0.158359 0.953078 0.118769 0.988269 0.108506 0.976539
1 0.111437 0.904693 0.124633 0.917888 0.0850436 0.954545 0.073314 0.941348
