10 0.00293256 0.951613 0.0234604 0.938416 0.0557185 0.998533 0.0337244 1.01026
10 0.0454546 0.2522 0.0234604 0.244868 0.0395894 0.195015 0.0615837 0.202345
10 0.0190615 0.260998 0.0410558 0.265397 0.0278592 0.313783 0.00733139 0.307917
10 0.0483871 0.250733 0.0718475 0.255132 0.0615837 0.306451 0.0366569 0.300586
10 0.0821114 0.246334 0.107038 0.2522 0.0967743 0.306451 0.0703812 0.302052
10 0.0395894 0.0674495 0.0674487 0.0630504 0.0733139 0.123167 0.0454546 0.1261
10 0.155425 0.0791786 0.131965 0.0865104 0.115836 0.0337251 0.139296 0.0263934
10 0.0542521 0.931084 0.0322581 0.942815 0.00879766 0.89736 0.0322581 0.885631
4 0.709677 0.608504 0.834311 0.595309 0.857771 0.863636 0.733139 0.872434
4 0.866569 0.0366561 0.992669 0.0263934 1.01613 0.290323 0.888564 0.303518
4 0.655426 -0.0307926 0.780058 -0.0425218 0.803519 0.224341 0.680352 0.23607
4 0.31085 0.080645 0.434017 0.0733132 0.457477 0.337243 0.331379 0.347507
10 0.0879766 0.740469 0.0630498 0.733137 0.0777125 0.681818 0.102639 0.687684
10 0.0615837 0.740469 0.0865102 0.747801 0.0703812 0.804985 0.0469208 0.796188
10 0.0542521 0.740469 0.0307917 0.733137 0.0454546 0.681818 0.068915 0.68915
10 0.307917 0.78739 0.328446 0.794722 0.313783 0.844575 0.294722 0.837243
10 0.114369 0.92962 0.0894429 0.939882 0.0674487 0.89003 0.0953079 0.879765
10 0.60264 0.570381 0.629032 0.570381 0.631965 0.620235 0.604106 0.624634
10 0.0322581 0.55132 0.0557185 0.546921 0.0601173 0.604105 0.0322581 0.605571
10 0.428152 0.655426 0.400293 0.656892 0.395894 0.599706 0.425219 0.601172
10 0.0953079 0.741935 0.124633 0.753666 0.105572 0.806451 0.0791789 0.794722
10 0.434017 0.78739 0.46041 0.796188 0.442815 0.848974 0.416423 0.840176
10 0.0219941 0.753666 0.0513196 0.762464 0.0337244 0.816716 0.0058651 0.806451
10 0.0249267 0.734603 0.00146628 0.72874 0.0131965 0.683285 0.0366569 0.690616
10 0.369502 0.780059 0.341642 0.77126 0.360704 0.708211 0.38563 0.715543
10 0.530792 0.774193 0.554252 0.780059 0.538122 0.83431 0.514663 0.825514
10 0.40176 0.78739 0.428152 0.793256 0.412024 0.844575 0.388563 0.835777
10 0.299119 0.791789 0.278592 0.784458 0.296188 0.734603 0.315249 0.743401
10 0.334312 0.794722 0.354839 0.800586 0.341642 0.847507 0.321115 0.840176
