1 0.215543 0.879766 0.217008 0.895894 0.184751 0.897361 0.183285 0.881233
1 0.187683 0.866568 0.174486 0.866568 0.170088 0.824047 0.184751 0.822581
1 0.26393 0.897361 0.244868 0.897361 0.239003 0.846041 0.259531 0.844575
1 0.294721 0.892961 0.272728 0.894428 0.266863 0.828447 0.290323 0.82698
1 0.324046 0.891495 0.302053 0.892961 0.296188 0.825514 0.318181 0.824047
1 0.351906 0.887096 0.331378 0.888562 0.328446 0.821114 0.35044 0.821114
1 0.384164 0.884166 0.365103 0.885629 0.359238 0.825514 0.381231 0.824047
1 0.21261 0.916422 0.234605 0.914955 0.237536 0.983872 0.215543 0.983872
1 0.183285 0.920821 0.205278 0.919355 0.209678 0.992668 0.187683 0.992668
1 0.247801 0.910556 0.265396 0.909092 0.268328 0.970674 0.250733 0.970674
1 0.21261 0.268328 0.183285 0.263929 0.193548 0.175954 0.219941 0.17742
1 0.260996 0.0190619 0.259531 -0.00146547 0.31525 -0.00586479 0.31525 0.0131961
7 0.435484 0.148094 0.451613 0.341642 0.17302 0.363636 0.152493 0.17742
7 0.750734 0.332843 0.648094 0.344575 0.630499 0.0527871 0.725806 0.0469214
7 0.673021 0.608503 0.661291 0.463342 1.01466 0.439882 1.03226 0.583576
7 0.456011 0.495601 0.470674 0.678887 0.17302 0.70528 0.152493 0.52786
7 0.693549 0.819648 0.684751 0.70528 1.01906 0.67742 1.02933 0.784456
7 0.482404 0.812316 0.494134 0.956013 0.192081 0.980939 0.178886 0.838709
7 0.756599 1.0088 0.747801 0.890029 1.05425 0.872434 1.06892 0.986802
1 0.266863 0.262463 0.237536 0.265396 0.22874 0.170088 0.258065 0.167155
1 0.27566 0.914955 0.296188 0.913489 0.297655 0.964809 0.278593 0.966275
1 0.422288 0.492668 0.444281 0.491202 0.448681 0.576247 0.426686 0.576247
1 0.195015 0.620235 0.219941 0.618768 0.225806 0.696481 0.20088 0.696481
1 0.230205 0.614369 0.2522 0.612902 0.258065 0.686216 0.23607 0.687682
1 0.29179 0.687682 0.266863 0.689149 0.260996 0.615835 0.28739 0.614369
1 0.294721 0.608503 0.31525 0.607039 0.321115 0.687682 0.300586 0.687682
1 0.356305 0.683283 0.335778 0.68475 0.328446 0.611436 0.35044 0.60997
1 0.363636 0.601174 0.387096 0.599707 0.392961 0.68475 0.370968 0.68475
1 0.394428 0.601174 0.419354 0.599707 0.42522 0.687682 0.401759 0.689149
1 0.457478 0.675954 0.435484 0.67742 0.428153 0.60264 0.450146 0.601174
1 0.486804 0.674487 0.467743 0.674487 0.460411 0.599707 0.482404 0.599707
1 0.473608 0.548388 0.457478 0.548388 0.453079 0.501467 0.469208 0.500001
1 0.325513 0.246335 0.302053 0.247801 0.296188 0.162756 0.319648 0.16129
1 0.516129 0.888562 0.491203 0.895894 0.475073 0.816715 0.498534 0.812316
1 0.475073 0.875367 0.453079 0.875367 0.448681 0.806453 0.470674 0.806453
1 0.442816 0.881233 0.423754 0.881233 0.420821 0.818181 0.441349 0.816715
1 0.390029 0.815249 0.410558 0.813782 0.414956 0.882699 0.395894 0.884166
1 0.42522 0.897361 0.445748 0.895894 0.451613 0.960409 0.429619 0.961876
1 0.479473 0.957479 0.460411 0.958946 0.456011 0.90176 0.475073 0.900294
1 0.366569 0.900294 0.385631 0.900294 0.388563 0.963342 0.369501 0.963342
1 0.334311 0.907626 0.354839 0.906159 0.359238 0.963342 0.337243 0.964809
1 0.328446 0.978006 0.304985 0.979473 0.30352 0.910556 0.325513 0.909092
1 0.17302 0.733139 0.16129 0.733139 0.16129 0.697948 0.17302 0.697948
1 0.171555 0.671554 0.156891 0.671554 0.155425 0.6305 0.168621 0.6305
1 0.18915 0.673021 0.175953 0.673021 0.174486 0.636363 0.187683 0.634896
1 0.195015 0.718475 0.178886 0.719941 0.175953 0.675954 0.192081 0.674487
1 0.360704 0.241935 0.334311 0.241935 0.328446 0.16129 0.354839 0.159823
1 0.36217 0.16129 0.388563 0.159823 0.395894 0.247801 0.368035 0.250734
1 0.431084 0.239002 0.403226 0.240469 0.394428 0.152494 0.423754 0.151027
1 0.407624 0.271261 0.432551 0.269795 0.436949 0.338709 0.412023 0.338709
1 0.438416 0.217009 0.482404 0.214076 0.491203 0.33431 0.448681 0.335776
1 0.401759 0.353373 0.378299 0.35484 0.372434 0.271261 0.395894 0.268328
1 0.340176 0.277127 0.363636 0.277127 0.368035 0.347508 0.343108 0.348974
1 0.307918 0.281524 0.32698 0.281524 0.329911 0.351907 0.310851 0.351907
1 0.271261 0.275661 0.296188 0.274194 0.300586 0.351907 0.27566 0.351907
1 0.243401 0.285923 0.26393 0.284456 0.269795 0.363636 0.249266 0.365102
1 0.170088 0.285923 0.196481 0.285923 0.199413 0.369502 0.17302 0.370968
1 0.129032 0.304987 0.164223 0.30352 0.16569 0.365102 0.130498 0.366569
1 0.186216 0.516129 0.211143 0.514662 0.214076 0.596774 0.18915 0.596774
1 0.219941 0.514662 0.244868 0.511729 0.249266 0.587976 0.22434 0.589442
1 0.284458 0.589442 0.260996 0.590909 0.255131 0.520528 0.278593 0.519062
1 0.285923 0.505866 0.312316 0.5044 0.31525 0.582113 0.29179 0.583576
1 0.346041 0.573314 0.324046 0.573314 0.319648 0.505866 0.340176 0.5044
1 0.353373 0.492668 0.379766 0.491202 0.385631 0.580646 0.359238 0.580646
1 0.417888 0.57918 0.392961 0.580646 0.388563 0.497068 0.412023 0.497068
1 0.978005 0.945748 0.991202 0.944281 0.995602 0.986802 0.980939 0.988269
1 0.803519 0.938415 0.785924 0.939882 0.784457 0.881233 0.800587 0.881233
1 0.826979 0.936949 0.810851 0.938415 0.806452 0.891495 0.825514 0.891495
1 0.851906 0.935483 0.835777 0.936949 0.832844 0.888562 0.848974 0.888562
1 0.8739 0.934019 0.857771 0.935483 0.856305 0.885629 0.870967 0.885629
1 0.898827 0.934019 0.88563 0.934019 0.881232 0.879766 0.895894 0.8783
1 0.92082 0.931086 0.904692 0.931086 0.900294 0.882699 0.917889 0.882699
1 0.944282 0.931086 0.928152 0.932552 0.92522 0.890029 0.941349 0.888562
1 0.966275 0.92962 0.950147 0.92962 0.94868 0.879766 0.964809 0.879766
1 0.989735 0.92962 0.975074 0.92962 0.970674 0.879766 0.986804 0.879766
1 0.752199 0.766862 0.765396 0.765395 0.768329 0.806453 0.755132 0.807919
1 0.953079 0.944281 0.970674 0.942815 0.973607 0.992668 0.956012 0.992668
1 0.928152 0.944281 0.947214 0.942815 0.950147 0.991202 0.932552 0.991202
1 0.904692 0.942815 0.922287 0.941348 0.923754 0.997067 0.90909 0.997067
1 0.914955 0.746334 0.934017 0.746334 0.935484 0.806453 0.916422 0.806453
1 0.938417 0.7522 0.954545 0.750734 0.956012 0.796188 0.939882 0.797654
1 0.961877 0.749267 0.978005 0.747801 0.979472 0.79912 0.963344 0.79912
1 0.868035 0.749267 0.887097 0.747801 0.890029 0.809383 0.870967 0.809383
1 0.844576 0.768328 0.859237 0.768328 0.860704 0.802053 0.844576 0.802053
1 0.800587 0.758066 0.819649 0.756599 0.821114 0.812316 0.802052 0.812316
1 0.781526 0.939882 0.763929 0.941348 0.760997 0.891495 0.778592 0.888562
1 0.766862 0.95308 0.781526 0.951613 0.785924 1.00733 0.769794 1.00733
1 0.791789 0.95308 0.807917 0.951613 0.810851 0.998534 0.794721 1
1 0.812317 0.950147 0.828446 0.948681 0.829912 0.997067 0.813782 0.998534
1 0.834311 0.948681 0.854839 0.947214 0.856305 1.00147 0.837244 1.00293
1 0.882697 0.947214 0.901759 0.945748 0.903225 0.995601 0.88563 0.995601
1 0.857771 0.947214 0.876832 0.945748 0.881232 0.997067 0.863637 0.997067
1 0.777126 0.762462 0.793256 0.760996 0.794721 0.806453 0.778592 0.806453
1 0.702346 0.766862 0.719941 0.765395 0.722874 0.822581 0.708211 0.822581
1 0.734604 0.15689 0.739002 0.187683 0.646627 0.195015 0.643696 0.168622
1 0.790322 0.473607 0.809384 0.472141 0.810851 0.536656 0.791789 0.536656
1 0.782991 0.529327 0.760997 0.529327 0.758064 0.47654 0.780059 0.475074
1 0.758064 0.538122 0.736071 0.539589 0.731672 0.470675 0.753666 0.469208
1 0.782991 0.611436 0.760997 0.612902 0.758064 0.557186 0.778592 0.557186
1 0.709677 0.552787 0.728739 0.552787 0.734604 0.608503 0.714076 0.60997
1 0.681817 0.55865 0.697947 0.55865 0.699414 0.604107 0.684751 0.604107
1 0.727272 0.300587 0.730206 0.325514 0.653959 0.32698 0.653959 0.304987
1 0.717009 0.266862 0.719941 0.290322 0.643696 0.296188 0.640762 0.274194
1 0.728739 0.200881 0.730206 0.22874 0.645161 0.233137 0.645161 0.205277
1 0.741936 0.130497 0.743402 0.148094 0.687684 0.151027 0.686217 0.131964
1 0.721407 0.7522 0.700879 0.755133 0.696481 0.706746 0.715542 0.703813
1 0.740469 0.0982412 0.743402 0.121701 0.633431 0.127567 0.631964 0.105571
1 0.746334 0.0571837 0.747801 0.0835768 0.636364 0.0894425 0.634897 0.0645159
1 0.769794 0.168622 0.785924 0.167155 0.785924 0.206744 0.771261 0.205277
1 0.791789 0.25953 0.774194 0.25953 0.772727 0.214076 0.788856 0.214076
1 0.791789 0.173021 0.818182 0.173021 0.821114 0.247801 0.796187 0.247801
1 0.771261 0.337243 0.747801 0.338709 0.741936 0.255133 0.763929 0.253667
1 0.837244 0.22874 0.851906 0.22874 0.853372 0.266862 0.838709 0.266862
1 0.869502 0.30352 0.866569 0.28299 0.942815 0.272728 0.945747 0.296188
1 0.838709 0.532257 0.819649 0.532257 0.813782 0.475074 0.834311 0.473607
1 0.866569 0.529327 0.846041 0.530793 0.841642 0.466275 0.865102 0.466275
1 0.892962 0.526394 0.872434 0.52786 0.869502 0.466275 0.888564 0.466275
1 0.923754 0.464809 0.942815 0.463342 0.944282 0.519062 0.926685 0.520528
1 0.725806 0.697948 0.741936 0.697948 0.743402 0.744868 0.727272 0.744868
1 0.747801 0.697948 0.763929 0.696481 0.766862 0.747801 0.750734 0.749267
1 0.768329 0.695015 0.788856 0.693548 0.790322 0.746334 0.772727 0.746334
1 0.813782 0.743401 0.797654 0.743401 0.793256 0.693548 0.809384 0.693548
1 0.835777 0.739002 0.82258 0.740469 0.819649 0.699414 0.834311 0.699414
1 0.857771 0.743401 0.843109 0.744868 0.840176 0.699414 0.856305 0.699414
1 0.884164 0.741935 0.866569 0.741935 0.863637 0.692082 0.881232 0.690615
1 0.904692 0.72874 0.890029 0.730206 0.887097 0.695015 0.901759 0.693548
1 0.931085 0.739002 0.912024 0.739002 0.90909 0.687682 0.929619 0.687682
1 0.953079 0.736069 0.935484 0.736069 0.932552 0.680353 0.950147 0.680353
1 0.97654 0.734603 0.961877 0.734603 0.954545 0.686216 0.973607 0.686216
1 0.967742 0.598241 0.94868 0.599707 0.942815 0.541055 0.963344 0.539589
1 0.967742 0.536656 0.982405 0.536656 0.982405 0.568915 0.967742 0.567448
1 0.898827 0.542522 0.917889 0.541055 0.92082 0.590909 0.901759 0.592375
1 0.875367 0.543988 0.892962 0.542522 0.895894 0.587976 0.879766 0.589442
1 0.8739 0.599707 0.854839 0.599707 0.853372 0.55132 0.872434 0.55132
1 0.828446 0.549854 0.844576 0.549854 0.847507 0.595308 0.832844 0.595308
1 0.782991 0.548388 0.79912 0.546921 0.802052 0.596774 0.784457 0.598241
1 0.923754 0.532257 0.898827 0.533723 0.892962 0.458943 0.919355 0.457477
