1 0.864258 0.979493 0.864258 0.993164 0.823244 0.992188 0.824218 0.978515
1 0.865236 0.960938 0.865236 0.976563 0.825197 0.975587 0.825197 0.959962
1 0.860352 0.924805 0.860352 0.936524 0.833008 0.936524 0.833008 0.923829
1 0.865236 0.905273 0.864258 0.919922 0.825197 0.919922 0.825197 0.904297
1 0.863279 0.88672 0.863279 0.900391 0.826171 0.900391 0.826171 0.885741
1 0.864258 0.867188 0.866211 0.881835 0.826171 0.880859 0.826171 0.86621
1 0.865236 0.848633 0.864258 0.861328 0.829102 0.862304 0.829102 0.847657
1 0.864258 0.828125 0.864258 0.839844 0.829102 0.841796 0.829102 0.828125
1 0.865236 0.810548 0.865236 0.824219 0.822265 0.825195 0.822265 0.811524
1 0.867189 0.791992 0.865236 0.805663 0.826171 0.803711 0.826171 0.791016
1 0.865236 0.771485 0.865236 0.78418 0.83203 0.783204 0.83203 0.771485
1 0.875 0.916992 0.875 0.901367 0.91992 0.902343 0.91992 0.917968
1 0.875 0.992188 0.875 0.978515 0.917967 0.979493 0.917967 0.992188
1 0.878906 0.975587 0.878906 0.958983 0.920899 0.959962 0.91992 0.974608
1 0.877928 0.957031 0.877928 0.941406 0.91992 0.94043 0.91992 0.956055
1 0.875975 0.9375 0.875975 0.920898 0.920899 0.921874 0.91992 0.934569
1 0.875975 0.899415 0.875975 0.881835 0.916993 0.881835 0.916993 0.898436
1 0.876953 0.879883 0.876953 0.863282 0.916015 0.862304 0.916015 0.879883
1 0.874022 0.838868 0.874022 0.823243 0.916993 0.821288 0.916015 0.836914
1 0.878906 0.818361 0.878906 0.801757 0.916015 0.802735 0.916015 0.816406
1 0.874022 0.791992 0.873048 0.776367 0.916993 0.776367 0.916015 0.790038
1 0.281249 0.561524 0.287111 0.546875 0.338868 0.574219 0.333984 0.586914
1 -0.00781399 0.387694 1.19209e-06 0.367187 0.0625006 0.400392 0.0537108 0.418945
1 0.00195408 0.361328 0.0107439 0.340821 0.0810548 0.376954 0.0732433 0.397461
1 0.00976557 0.335939 0.0175771 0.316407 0.072265 0.345703 0.0625006 0.362304
1 0.0214828 0.300782 0.0292981 0.28125 0.112305 0.319335 0.10254 0.338867
1 0.218749 0.619141 0.211912 0.636718 0.162108 0.61621 0.168945 0.598633
1 0.279296 0.602539 0.286133 0.588866 0.324219 0.608398 0.316408 0.622071
1 0.27051 0.621093 0.27539 0.609376 0.314455 0.626953 0.307618 0.641603
1 0.254883 0.635742 0.26172 0.618165 0.305665 0.641603 0.29785 0.658204
1 0.22168 0.6875 0.23047 0.670899 0.282227 0.696289 0.273437 0.71289
1 0.208007 0.721678 0.215822 0.706056 0.259767 0.726563 0.251952 0.74121
1 0.17871 0.763672 0.17871 0.742189 0.242187 0.743165 0.24414 0.764648
1 0.117189 0.767578 0.11621 0.747071 0.174804 0.745116 0.175782 0.764648
1 0.170898 0.682618 0.164061 0.697265 0.125 0.676757 0.131837 0.66211
1 0.186525 0.666993 0.17871 0.680663 0.139648 0.66211 0.146485 0.648437
1 0.141601 0.643555 0.148438 0.631836 0.187499 0.649413 0.180663 0.66211
1 0.179688 0.583984 0.183594 0.575195 0.217775 0.59082 0.214843 0.599609
1 0.193358 0.416014 0.198242 0.401368 0.238282 0.421875 0.231445 0.435546
1 0.184572 0.575195 0.188478 0.565431 0.219727 0.581053 0.215822 0.588866
1 0.246093 0.552733 0.240234 0.565431 0.196289 0.542969 0.202148 0.529298
1 0.202148 0.523437 0.208007 0.510742 0.249024 0.53125 0.243166 0.544923
1 0.289064 0.466797 0.283201 0.481446 0.242187 0.45996 0.247071 0.447265
1 0.246093 0.443359 0.251952 0.429688 0.289064 0.448241 0.28418 0.45996
1 0.110352 0.541993 0.118163 0.525392 0.172851 0.554688 0.166014 0.571289
1 0.127931 0.529298 0.134764 0.513673 0.182615 0.540038 0.173829 0.553712
1 0.13867 0.492186 0.146485 0.472657 0.202148 0.499023 0.194336 0.517579
1 0.226561 0.463866 0.220702 0.480468 0.168945 0.456054 0.177735 0.437501
1 0.186525 0.435546 0.191405 0.421875 0.23047 0.443359 0.222655 0.457032
7 0.519533 0.667968 0.612303 0.668944 0.603517 1.02637 0.511718 1.0293
7 0.527344 0.555664 0.615235 0.602539 0.528319 0.782228 0.432617 0.732422
7 0.443359 0.594727 0.45703 0.602539 0.360353 0.792968 0.345705 0.785156
7 0.348632 0.465821 0.433595 0.50879 0.304687 0.753905 0.220702 0.711914
7 0.161134 0.58496 0.212891 0.60547 0.122069 0.781249 0.0751961 0.757811
7 0.207032 0.393555 0.293944 0.437501 0.213869 0.601564 0.123047 0.550781
1 0.286133 0.58789 0.29297 0.573243 0.331056 0.593751 0.324219 0.607422
1 0.291017 0.546875 0.296875 0.53418 0.345705 0.55957 0.340821 0.573243
1 0.313477 0.536132 0.318361 0.524413 0.356444 0.543945 0.350585 0.55664
1 0.722658 0.981445 0.722658 0.99707 0.682618 0.996095 0.68164 0.982421
1 0.722658 0.964844 0.721679 0.978515 0.68164 0.979493 0.682618 0.963868
1 0.722658 0.946288 0.721679 0.958007 0.682618 0.959962 0.68164 0.946288
1 0.723632 0.928711 0.723632 0.942382 0.683593 0.94043 0.683593 0.926757
1 0.72461 0.887696 0.72461 0.903321 0.682618 0.903321 0.682618 0.888672
1 0.722658 0.853515 0.723632 0.865234 0.682618 0.865234 0.683593 0.852539
1 0.723632 0.833007 0.723632 0.848633 0.683593 0.845702 0.683593 0.832031
1 0.721679 0.814454 0.722658 0.827149 0.685546 0.826171 0.686524 0.814454
1 0.721679 0.794923 0.720705 0.807618 0.686524 0.808594 0.685546 0.794923
1 0.723632 0.776367 0.722658 0.789062 0.682618 0.789062 0.683593 0.776367
1 0.722658 0.755859 0.721679 0.770509 0.683593 0.76953 0.682618 0.755859
1 0.721679 0.737304 0.722658 0.751953 0.680665 0.750977 0.680665 0.737304
1 0.72461 0.717772 0.723632 0.732422 0.692383 0.732422 0.691408 0.716796
1 0.722658 0.701171 0.722658 0.714844 0.685546 0.714844 0.685546 0.699219
1 0.722658 0.680663 0.723632 0.697265 0.688477 0.697265 0.688477 0.679687
1 0.687498 0.670899 0.687498 0.655273 0.736328 0.654298 0.736328 0.670899
1 0.54004 0.875001 0.523438 0.870116 0.54004 0.804687 0.556641 0.809569
1 0.501953 0.954101 0.501953 0.936524 0.547851 0.938476 0.547851 0.956055
1 0.736328 0.821288 0.736328 0.807618 0.768556 0.809569 0.767578 0.822264
1 0.729491 0.998046 0.730469 0.984375 0.767578 0.985352 0.766603 0.99707
1 0.729491 0.963868 0.729491 0.950195 0.767578 0.950195 0.767578 0.962889
1 0.732422 0.947267 0.732422 0.931641 0.768556 0.933593 0.768556 0.944336
1 0.732422 0.930663 0.732422 0.913086 0.768556 0.914062 0.767578 0.928711
1 0.731444 0.910155 0.731444 0.896485 0.767578 0.898436 0.767578 0.910155
1 0.734375 0.89453 0.733397 0.879883 0.76953 0.880859 0.76953 0.892578
1 0.731444 0.875977 0.730469 0.861328 0.768556 0.862304 0.76953 0.875977
1 0.730469 0.858397 0.730469 0.84375 0.768556 0.844726 0.768556 0.858397
1 0.730469 0.839844 0.730469 0.828125 0.770509 0.828125 0.76953 0.839844
1 0.735353 0.804687 0.736328 0.790038 0.770509 0.791992 0.76953 0.803711
1 0.734375 0.78711 0.734375 0.774415 0.76953 0.774415 0.76953 0.785156
1 0.735353 0.76953 0.734375 0.755859 0.770509 0.757811 0.76953 0.768554
1 0.738281 0.751953 0.737306 0.738282 0.771483 0.740234 0.770509 0.751953
1 0.734375 0.733397 0.734375 0.720703 0.773436 0.721678 0.774414 0.732422
1 0.733397 0.71582 0.732422 0.699219 0.773436 0.701171 0.773436 0.714844
1 0.732422 0.692382 0.732422 0.677736 0.772462 0.677736 0.772462 0.692382
1 0.613282 0.952149 0.612303 0.972657 0.560547 0.970702 0.558594 0.951173
1 0.610351 0.914062 0.609376 0.925781 0.560547 0.925781 0.560547 0.911134
1 0.614256 0.889648 0.614256 0.908203 0.563478 0.907228 0.5625 0.890624
1 0.367186 0.637696 0.364259 0.646485 0.327147 0.631836 0.332031 0.621093
1 0.427733 0.704101 0.448243 0.713868 0.409179 0.794923 0.387697 0.78418
1 0.355469 0.738282 0.37207 0.749023 0.341795 0.794923 0.327147 0.78711
1 0.280274 0.762696 0.260742 0.752929 0.291017 0.697265 0.311524 0.707032
1 0.400389 0.632812 0.388672 0.626953 0.406251 0.594727 0.418947 0.600585
1 0.379882 0.693358 0.393556 0.702149 0.37207 0.736328 0.360353 0.728515
1 0.401367 0.647461 0.416994 0.658204 0.395508 0.693358 0.381835 0.68457
1 0.43457 0.579102 0.451171 0.586914 0.426758 0.634766 0.41211 0.627929
1 0.333984 0.698243 0.329103 0.708984 0.29297 0.689452 0.299806 0.675781
1 0.350585 0.6875 0.344726 0.700195 0.301759 0.676757 0.307618 0.66211
1 0.3584 0.666993 0.352538 0.679687 0.314455 0.660156 0.320314 0.647461
1 0.379882 0.621093 0.37207 0.634766 0.332031 0.613283 0.338868 0.598633
1 0.447265 0.738282 0.464845 0.748047 0.439454 0.798829 0.422852 0.791016
1 0.383788 0.603515 0.377929 0.614258 0.341795 0.597657 0.346679 0.585938
1 0.391603 0.58789 0.38574 0.600585 0.348632 0.582032 0.354491 0.568358
1 0.402345 0.571289 0.395508 0.58496 0.359375 0.565431 0.364259 0.554688
1 0.411131 0.552733 0.405273 0.564452 0.370117 0.549805 0.374023 0.536132
1 0.424805 0.537111 0.418947 0.548827 0.376954 0.529298 0.381835 0.517579
1 0.436523 0.521485 0.430664 0.53418 0.386719 0.512694 0.392577 0.497071
1 0.350585 0.464845 0.3584 0.447265 0.441407 0.486328 0.430664 0.507812
1 0.337889 0.48828 0.343752 0.473633 0.381835 0.492186 0.375001 0.507812
1 0.330078 0.504884 0.335936 0.489259 0.374023 0.50879 0.367186 0.523437
1 0.311524 0.518555 0.318361 0.501954 0.364259 0.526367 0.357422 0.542969
1 0.443359 0.674805 0.42578 0.666017 0.456055 0.609376 0.474609 0.619141
1 0.528319 0.624999 0.512696 0.615234 0.535156 0.574219 0.551757 0.583008
1 0.623046 0.871095 0.622072 0.88672 0.563478 0.88672 0.5625 0.86914
1 0.511718 0.69043 0.511718 0.673829 0.551757 0.674805 0.550782 0.691406
1 0.634767 0.849609 0.634767 0.872071 0.564453 0.868164 0.563478 0.847657
1 0.622072 0.826171 0.621093 0.844726 0.5625 0.84082 0.561525 0.823243
1 0.632814 0.804687 0.631836 0.824219 0.566405 0.823243 0.565431 0.802735
1 0.635742 0.778322 0.637695 0.802735 0.563478 0.800781 0.5625 0.778322
1 0.610351 0.763672 0.609376 0.779297 0.564453 0.779297 0.564453 0.761718
1 0.631836 0.738282 0.632814 0.757811 0.573242 0.757811 0.574217 0.737304
1 0.61914 0.718751 0.61914 0.735352 0.563478 0.737304 0.563478 0.718751
1 0.611329 0.696289 0.611329 0.71582 0.564453 0.71582 0.564453 0.697265
1 0.613282 0.675781 0.612303 0.693358 0.563478 0.693358 0.563478 0.673829
1 0.614256 0.648437 0.613282 0.670899 0.543945 0.670899 0.542967 0.646485
1 0.519533 0.706056 0.520507 0.693358 0.550782 0.695313 0.54883 0.707032
1 0.609376 0.613283 0.599608 0.629884 0.542967 0.599609 0.552735 0.583008
1 0.505859 0.726563 0.506837 0.708008 0.552735 0.709962 0.551757 0.726563
1 0.505859 0.746095 0.505859 0.729491 0.552735 0.728515 0.551757 0.745116
1 0.505859 0.764648 0.505859 0.747071 0.552735 0.746095 0.551757 0.763672
1 0.499022 0.796875 0.5 0.778322 0.552735 0.779297 0.551757 0.795899
1 0.499022 0.806642 0.5 0.818361 0.464845 0.818361 0.463866 0.804687
1 0.445312 0.839844 0.433595 0.84082 0.432617 0.810548 0.446291 0.811524
1 0.430664 0.838868 0.417968 0.838868 0.416015 0.813476 0.426758 0.8125
1 0.38086 0.824219 0.38086 0.814454 0.401367 0.814454 0.402345 0.824219
1 0.378907 0.813476 0.378907 0.828125 0.338868 0.829101 0.337889 0.814454
1 0.624024 0.582032 0.615235 0.603515 0.528319 0.55664 0.537109 0.539062
