1 0.797658 0.472141 0.784453 0.444281 0.865101 0.410558 0.878297 0.444281
1 0.153958 0.848975 0.162756 0.88563 0.0762492 0.903225 0.0674519 0.868034
1 0.260998 0.860703 0.260998 0.894427 0.171554 0.894427 0.171554 0.860703
1 0.300587 0.914956 0.300587 0.86217 0.445747 0.860703 0.447216 0.917889
1 0.104102 0.846041 0.104102 0.796187 0.237535 0.79912 0.234605 0.853372
1 0.291789 0.848975 0.291789 0.784458 0.456013 0.778591 0.458944 0.850439
1 0.236075 0.68915 0.236075 0.725806 0.126096 0.727272 0.124636 0.690615
1 0.25367 0.651027 0.249271 0.683284 0.152489 0.670089 0.159826 0.630498
1 0.285922 0.671555 0.285922 0.617303 0.451615 0.617303 0.451615 0.680353
1 0.306455 0.568915 0.306455 0.521993 0.429621 0.52346 0.429621 0.573315
1 0.21848 0.475074 0.215541 0.507331 0.129035 0.5 0.131964 0.46481
1 0.926683 0.476539 0.925223 0.529325 0.769796 0.526393 0.774195 0.478005
1 0.923754 0.56305 0.931082 0.596774 0.800588 0.627565 0.79179 0.593841
1 1.02053 0.913489 1.03079 0.958944 0.881235 0.994134 0.869499 0.950146
1 0.947217 0.60997 0.956015 0.653958 0.824051 0.684751 0.813784 0.64516
