1 0.189452 0.983399 0.175781 0.99121 0.152343 0.947265 0.166017 0.939454
1 0.0205085 0.816406 0.00976616 0.822265 -0.0068363 0.793945 0.00390607 0.788086
1 0.0634755 0.823242 0.0761712 0.815431 0.0927736 0.847655 0.0810558 0.854492
1 0.0791023 0.80957 0.0917957 0.801758 0.116212 0.844726 0.103516 0.850585
1 0.0996092 0.796874 0.112305 0.789063 0.136718 0.83496 0.124023 0.841796
1 0.15039 1.00586 0.138672 1.0127 0.112305 0.961915 0.125001 0.955079
1 0.173828 0.995117 0.158203 1.00488 0.129883 0.953124 0.147461 0.943359
1 0.376954 0.631836 0.366212 0.635742 0.351563 0.607422 0.363281 0.601563
1 0.252931 0.536132 0.263673 0.531251 0.276366 0.556641 0.267577 0.561523
1 0.264648 0.521485 0.276366 0.514649 0.297851 0.549805 0.285155 0.556641
1 0.281251 0.513671 0.291993 0.506835 0.310547 0.539062 0.299804 0.546875
1 0.299804 0.509765 0.308593 0.50586 0.325196 0.535155 0.315429 0.539062
1 0.3125 0.498047 0.324218 0.49121 0.343749 0.527344 0.331054 0.53418
1 0.359376 0.510742 0.345703 0.518555 0.328125 0.485351 0.339845 0.478515
1 0.408203 0.484374 0.421874 0.478515 0.439452 0.515626 0.426759 0.521485
1 0.376954 0.581055 0.394532 0.571289 0.435548 0.642579 0.416992 0.652344
1 0.394532 0.623047 0.385743 0.628906 0.367187 0.599609 0.376954 0.59375
1 0.37207 0.657226 0.385743 0.65039 0.40625 0.692382 0.393554 0.699219
1 0.177734 0.544921 0.183594 0.555664 0.158203 0.567382 0.153321 0.557616
1 0.349609 0.66504 0.364258 0.657226 0.387696 0.702148 0.37207 0.709962
1 0.364258 0.641601 0.350585 0.648438 0.331054 0.614259 0.343749 0.607422
1 0.345703 0.64746 0.333985 0.654297 0.319336 0.623047 0.331054 0.617188
1 0.333007 0.671876 0.345703 0.666992 0.369141 0.710937 0.355469 0.717773
1 0.296875 0.691405 0.313476 0.683594 0.336914 0.731446 0.321289 0.740234
1 0.332031 0.663085 0.31836 0.670899 0.298829 0.630858 0.313476 0.624024
1 0.315429 0.666015 0.302733 0.672851 0.285155 0.637695 0.297851 0.631836
1 0.262695 0.713866 0.276366 0.707032 0.297851 0.74707 0.282226 0.754884
1 0.277344 0.754884 0.263673 0.762695 0.242188 0.722657 0.25586 0.714844
1 0.233399 0.539062 0.244142 0.533203 0.264648 0.568359 0.253906 0.575196
1 0.204101 0.559571 0.215821 0.553712 0.232422 0.583984 0.220704 0.59082
1 0.185548 0.564453 0.197266 0.556641 0.216797 0.592773 0.204101 0.600586
1 0.668946 0.976563 0.674806 0.988281 0.642579 1.00391 0.637694 0.992188
1 0.651368 0.975585 0.641601 0.96289 0.688477 0.939454 0.696288 0.952149
1 0.705077 0.955079 0.710937 0.966797 0.682617 0.984374 0.676757 0.97461
1 0.751953 0.90332 0.759766 0.918945 0.706055 0.946288 0.698241 0.929688
1 0.747071 0.93457 0.751953 0.943359 0.732422 0.954102 0.726562 0.944336
1 0.754882 0.948243 0.747071 0.935547 0.781249 0.916016 0.789062 0.928711
1 0.822265 0.895507 0.8291 0.909179 0.791991 0.928711 0.785156 0.916016
1 0.171874 0.576173 0.181641 0.570312 0.198241 0.597657 0.188477 0.604493
1 0.0390619 0.811524 0.0273441 0.81836 0.0107417 0.785156 0.021484 0.779297
1 0.0527354 0.800781 0.0390619 0.808595 0.021484 0.774413 0.0351552 0.768554
1 0.085938 0.790038 0.0732423 0.797851 0.0527354 0.761718 0.0673822 0.753907
7 0.802734 0.231446 0.822265 0.268554 0.659179 0.351562 0.638672 0.312499
7 0.322265 0.472656 0.351563 0.524414 0.126954 0.643554 0.0976558 0.596679
7 0.380858 0.585938 0.431641 0.68164 0.209961 0.800781 0.154296 0.705078
7 0.478515 0.770509 0.536133 0.888673 0.310547 1.00391 0.252931 0.893555
7 0.969726 0.546875 1.01953 0.644531 0.615234 0.850585 0.560547 0.744141
7 0.926757 0.40918 0.968751 0.486329 0.777344 0.583007 0.734375 0.507812
7 0.523438 0.657226 0.476562 0.566407 0.692384 0.461913 0.738282 0.550782
7 0.845703 0.312499 0.878905 0.382812 0.716797 0.463868 0.67871 0.397462
7 0.437499 0.513671 0.416017 0.467774 0.634765 0.351562 0.659179 0.397462
1 0.0742178 0.75 0.0878913 0.745118 0.105469 0.78125 0.0917957 0.788086
1 0.103516 0.611329 0.117187 0.603516 0.137696 0.638672 0.124023 0.646485
1 0.289062 0.499024 0.283202 0.488281 0.311525 0.472656 0.317382 0.483399
1 0.140625 0.59082 0.153321 0.583984 0.172852 0.61914 0.160156 0.625977
1 0.121094 0.597657 0.132812 0.589843 0.152343 0.62207 0.141601 0.629883
1 0.132812 0.689453 0.119141 0.697266 0.0986336 0.654297 0.11328 0.645508
1 -0.0087896 0.669922 0.00293052 0.664062 0.0185551 0.696289 0.0078128 0.702148
1 0.00976616 0.664062 0.0205085 0.660156 0.0341797 0.688476 0.0244152 0.694337
1 0.0185551 0.648438 0.0312508 0.642579 0.0527354 0.67871 0.0410153 0.685546
1 0.109376 0.634765 0.0957025 0.643554 0.0761712 0.609375 0.0888669 0.600586
1 0.172852 0.549805 0.169921 0.532226 0.214844 0.524414 0.217773 0.541016
1 -0.0068363 0.154297 0.012695 0.148438 0.0341797 0.210937 0.0146484 0.218751
1 0.0664067 0.203126 0.0527354 0.210937 0.0292974 0.166015 0.0419931 0.158204
1 0.0205085 0.236328 0.0351552 0.228516 0.0556643 0.269532 0.0419931 0.275391
1 0.108398 0.246093 0.0937491 0.25293 0.0712889 0.211914 0.085938 0.204101
1 0.15039 0.212891 0.138672 0.220703 0.117187 0.182617 0.130858 0.174806
1 0.117187 0.169922 0.102538 0.17871 0.077149 0.132813 0.0917957 0.125
1 0.253906 0.497069 0.26172 0.512696 0.219726 0.535155 0.210937 0.518555
1 0.225586 0.732423 0.239257 0.726562 0.260742 0.768554 0.247071 0.776368
1 0.300782 0.67871 0.289062 0.685546 0.267577 0.64746 0.281251 0.640624
1 0.268555 0.694337 0.25586 0.701171 0.237304 0.66504 0.250977 0.658203
1 0.957031 0.598634 0.947266 0.604493 0.92871 0.573243 0.94043 0.566407
1 0.873048 0.659181 0.887694 0.651367 0.911132 0.695312 0.896483 0.703126
1 0.892579 0.645508 0.909179 0.638672 0.935546 0.688476 0.917968 0.697266
1 0.863281 0.646485 0.852538 0.65332 0.83496 0.618163 0.846681 0.612304
1 0.882812 0.634765 0.871094 0.640624 0.856445 0.609375 0.866212 0.603516
1 0.897461 0.625977 0.887694 0.632813 0.87207 0.599609 0.881837 0.594727
1 0.919921 0.616211 0.908203 0.62207 0.889648 0.588868 0.902343 0.582032
1 0.920899 0.630858 0.93457 0.624999 0.957031 0.666015 0.944335 0.674806
1 0.945313 0.630858 0.958984 0.623047 0.979493 0.661133 0.965819 0.668944
1 0.967773 0.608397 0.984375 0.600586 1.00977 0.65039 0.995118 0.659181
1 0.97168 0.59082 0.962891 0.595702 0.945313 0.564453 0.956055 0.558594
1 0.863281 0.724609 0.849609 0.732423 0.822265 0.679687 0.835938 0.671876
1 0.998047 0.580077 0.986329 0.586914 0.967773 0.550782 0.980469 0.543946
1 0.811522 0.879882 0.816407 0.889648 0.796876 0.899414 0.792969 0.890625
1 0.856445 0.876953 0.861327 0.886719 0.832032 0.904298 0.825196 0.894532
1 0.869141 0.885741 0.863281 0.874023 0.896483 0.856446 0.902343 0.868164
1 0.944335 0.845703 0.937499 0.833008 0.970704 0.816406 0.97754 0.830078
1 0.961915 0.798829 0.967773 0.80957 0.939453 0.822265 0.93457 0.813476
1 0.997071 0.780275 1.00195 0.791992 0.97168 0.80664 0.966797 0.796874
1 0.887694 0.712891 0.871094 0.720703 0.846681 0.671876 0.861327 0.663085
1 0.792969 0.694337 0.810547 0.686524 0.83496 0.739257 0.821289 0.746093
1 0.652343 0.296875 0.65625 0.307617 0.634765 0.318358 0.628905 0.307617
1 0.67871 0.757813 0.691406 0.751952 0.718751 0.802733 0.705077 0.810547
1 0.542969 0.585938 0.530273 0.59082 0.512695 0.557616 0.525391 0.551757
1 0.559571 0.575196 0.548829 0.582032 0.52832 0.543946 0.539062 0.538087
1 0.583007 0.558594 0.570314 0.56543 0.551758 0.530273 0.564454 0.524414
1 0.582031 0.787109 0.56836 0.793945 0.545898 0.75 0.560547 0.743164
1 0.608398 0.77832 0.593749 0.786133 0.571289 0.741211 0.586914 0.733398
1 0.616212 0.853517 0.600585 0.86328 0.572265 0.810547 0.588867 0.801758
1 0.597656 0.795899 0.612305 0.789063 0.639648 0.842774 0.625976 0.84961
1 0.669921 0.81836 0.654297 0.826172 0.630859 0.782227 0.645508 0.773438
1 0.649414 0.769531 0.665039 0.761718 0.692384 0.811524 0.676757 0.819335
1 0.702148 0.750977 0.714844 0.745118 0.732422 0.779297 0.718751 0.786133
1 0.846681 0.655274 0.835938 0.661133 0.817382 0.626954 0.830078 0.621093
1 0.693359 0.733398 0.679688 0.741211 0.653321 0.694337 0.666992 0.686524
1 0.715819 0.722657 0.704102 0.729491 0.679688 0.684571 0.692384 0.677735
1 0.734375 0.711914 0.721679 0.717773 0.699219 0.676758 0.713868 0.669922
1 0.759766 0.701171 0.745118 0.708007 0.722657 0.663085 0.736328 0.655274
1 0.723633 0.730468 0.738282 0.72168 0.769531 0.776368 0.753906 0.785156
1 0.776367 0.709962 0.789062 0.703126 0.8125 0.746093 0.797851 0.753907
1 0.743164 0.65332 0.754882 0.646485 0.77832 0.69043 0.764649 0.697266
1 0.765624 0.640624 0.780273 0.631836 0.802734 0.675781 0.79004 0.683594
1 0.820311 0.658203 0.811522 0.66211 0.795898 0.632813 0.807618 0.626954
1 0.639648 0.328124 0.651368 0.322265 0.666992 0.353515 0.65625 0.358399
1 0.497071 0.605468 0.487304 0.611329 0.467773 0.574218 0.478515 0.569337
1 0.832032 0.516601 0.843749 0.511719 0.857423 0.541991 0.846681 0.546875
1 0.757813 0.528321 0.747071 0.535155 0.733397 0.509765 0.74414 0.504883
1 0.8125 0.509765 0.802734 0.514649 0.787109 0.484374 0.796876 0.478515
1 0.8291 0.501953 0.819336 0.506835 0.802734 0.475586 0.813476 0.469727
1 0.846681 0.492188 0.838867 0.497069 0.823243 0.467774 0.832032 0.46289
1 0.862305 0.484374 0.853516 0.489258 0.837892 0.458984 0.846681 0.454102
1 0.756835 0.555664 0.766602 0.550782 0.785156 0.583007 0.774413 0.588868
1 0.777344 0.543946 0.787109 0.538087 0.804687 0.570312 0.794922 0.575196
1 0.793944 0.53418 0.804687 0.528321 0.825196 0.564453 0.814454 0.571289
1 0.816407 0.526367 0.827149 0.520508 0.842774 0.550782 0.833007 0.555664
1 0.854492 0.50586 0.864259 0.499999 0.880859 0.531251 0.871094 0.536132
1 0.814454 0.378905 0.824218 0.373046 0.836914 0.399414 0.826172 0.404298
1 0.870116 0.496094 0.87793 0.492188 0.895508 0.524414 0.885743 0.528321
1 0.880859 0.474608 0.871094 0.479492 0.85547 0.449218 0.865234 0.444336
1 0.871094 0.443359 0.880859 0.4375 0.896483 0.46582 0.886719 0.472656
1 0.915039 0.458984 0.90625 0.46289 0.891601 0.432618 0.901368 0.426757
1 0.90625 0.475586 0.916015 0.470704 0.929688 0.496094 0.919921 0.501953
1 0.929688 0.464845 0.94043 0.459961 0.956055 0.490235 0.946288 0.496094
1 0.978515 0.482422 0.966797 0.489258 0.945313 0.445313 0.958008 0.4375
1 0.852538 0.211914 0.861327 0.201171 0.887694 0.228516 0.878905 0.238282
1 0.830078 0.371094 0.838867 0.367187 0.850585 0.390625 0.841796 0.395507
1 0.833007 0.353515 0.824218 0.358399 0.809571 0.329101 0.81836 0.325195
1 0.657226 0.318358 0.666992 0.312499 0.683595 0.343751 0.672852 0.350585
1 0.708984 0.37793 0.719726 0.372071 0.734375 0.402343 0.723633 0.408202
1 0.673828 0.310547 0.683595 0.30664 0.696288 0.331056 0.686524 0.335938
1 0.689453 0.302734 0.700195 0.296875 0.714844 0.32422 0.705077 0.329101
1 0.706055 0.293945 0.716797 0.288086 0.729493 0.312499 0.719726 0.318358
1 0.725586 0.286134 0.734375 0.282227 0.748046 0.305663 0.738282 0.310547
1 0.739257 0.27832 0.748046 0.273438 0.76172 0.298829 0.752929 0.302734
1 0.758789 0.269532 0.767578 0.264648 0.781249 0.288086 0.77246 0.293945
1 0.773438 0.261718 0.782227 0.257811 0.793944 0.276368 0.78418 0.282227
1 0.747071 0.261718 0.742189 0.251952 0.764649 0.238282 0.770509 0.249023
1 0.717773 0.40918 0.708008 0.414061 0.695313 0.390625 0.705077 0.385741
1 0.750978 0.395507 0.742189 0.400391 0.726562 0.369142 0.736328 0.36328
1 0.816407 0.361328 0.808594 0.364258 0.794922 0.339844 0.803711 0.33496
1 0.767578 0.388671 0.757813 0.393555 0.742189 0.36328 0.751953 0.357421
1 0.785156 0.37793 0.775391 0.383789 0.760742 0.355469 0.769531 0.350585
1 0.721679 0.459961 0.710937 0.466797 0.694337 0.439452 0.70703 0.432618
1 0.728515 0.418945 0.739257 0.414061 0.754882 0.442384 0.745118 0.448243
1 0.747071 0.412109 0.75586 0.407227 0.771484 0.433593 0.762695 0.439452
1 0.762695 0.403321 0.773438 0.398437 0.787109 0.426757 0.77832 0.432618
1 0.780273 0.394532 0.791016 0.389648 0.805665 0.417968 0.793944 0.423827
1 0.796876 0.387696 0.80664 0.382812 0.81836 0.408202 0.808594 0.414061
1 0.799805 0.370117 0.79004 0.375976 0.777344 0.348633 0.786133 0.342774
1 0.516602 0.596679 0.504882 0.602538 0.486328 0.56543 0.498046 0.559571
1 0.524413 0.661133 0.510742 0.668944 0.487304 0.624024 0.501953 0.615234
1 0.250977 0.696289 0.239257 0.703126 0.221679 0.669922 0.234375 0.663085
1 0.417968 0.798829 0.432617 0.790038 0.458984 0.840821 0.444337 0.848633
1 0.480468 0.833008 0.466797 0.840821 0.44043 0.791015 0.456055 0.783204
1 0.497071 0.823242 0.483399 0.831056 0.45703 0.782227 0.472657 0.774413
1 0.541991 0.84961 0.522462 0.859376 0.484375 0.783204 0.503906 0.773438
1 0.46289 0.852539 0.479493 0.844726 0.506835 0.900391 0.492188 0.909179
1 0.423828 0.858398 0.409179 0.868164 0.385743 0.825194 0.401368 0.816406
1 0.487304 0.915039 0.471679 0.921875 0.44043 0.865235 0.455079 0.856446
1 0.292969 0.927734 0.277344 0.9375 0.247071 0.881837 0.262695 0.874023
1 0.237304 0.708007 0.225586 0.714844 0.20703 0.682617 0.21875 0.674806
1 0.221679 0.716796 0.208984 0.723632 0.188477 0.686524 0.202148 0.67871
1 0.176759 0.699219 0.188477 0.69336 0.205079 0.724609 0.193359 0.730468
1 0.244142 0.78125 0.229493 0.789063 0.203126 0.742186 0.216797 0.734375
1 0.22461 0.796874 0.208008 0.80664 0.179688 0.752929 0.195312 0.745118
1 0.145507 0.75 0.16211 0.742186 0.19043 0.79297 0.173828 0.802733
1 0.186523 0.737305 0.173828 0.744141 0.152343 0.704101 0.166992 0.695312
1 0.125976 0.703126 0.138672 0.695312 0.161132 0.740234 0.147461 0.748048
1 0.205079 0.856446 0.219726 0.850585 0.242188 0.894532 0.228515 0.901368
1 0.314453 0.914063 0.300782 0.921875 0.277344 0.880859 0.291015 0.873046
1 0.415039 0.878907 0.431641 0.869141 0.458984 0.922852 0.443359 0.930663
1 0.329102 0.904298 0.317382 0.910157 0.296875 0.870116 0.309571 0.86328
1 0.351563 0.897461 0.341796 0.905273 0.315429 0.864257 0.327149 0.857421
1 0.371094 0.888673 0.357423 0.895507 0.333007 0.850585 0.347656 0.843751
1 0.259766 0.971679 0.270509 0.961915 0.296875 0.997069 0.286133 1.00586
1 0.283202 0.954102 0.295898 0.947265 0.320313 0.996094 0.308593 1.00391
1 0.304687 0.942384 0.31836 0.933593 0.34668 0.973633 0.333985 0.982422
1 0.349609 0.912109 0.363281 0.90332 0.392579 0.956054 0.37793 0.964845
1 0.371094 0.898437 0.386719 0.890625 0.416017 0.951172 0.40039 0.958983
1 0.393554 0.885741 0.409179 0.87793 0.437499 0.932618 0.419921 0.940429
1 0.51172 0.615234 0.523438 0.608397 0.541991 0.644531 0.530273 0.651367
1 0.603516 0.554687 0.591796 0.561523 0.572265 0.52246 0.583985 0.516601
1 0.54004 0.417968 0.552733 0.412109 0.571289 0.447266 0.558594 0.454102
1 0.563476 0.415039 0.573243 0.40918 0.589843 0.438477 0.581054 0.444336
1 0.577149 0.399414 0.587892 0.393555 0.604492 0.426757 0.592774 0.432618
1 0.594727 0.390625 0.605469 0.384766 0.624023 0.416993 0.612305 0.422852
1 0.642579 0.407227 0.629883 0.413086 0.612305 0.38086 0.625001 0.374023
1 0.630859 0.372071 0.642579 0.36621 0.66211 0.402343 0.651368 0.40918
1 0.626954 0.542969 0.616212 0.54785 0.596681 0.512696 0.608398 0.50586
1 0.643554 0.533203 0.632812 0.539062 0.612305 0.498047 0.624023 0.493165
1 0.634765 0.485351 0.646485 0.479492 0.667968 0.520508 0.658203 0.526367
1 0.683595 0.506835 0.672852 0.511719 0.655274 0.478515 0.665039 0.472656
1 0.503906 0.436523 0.514649 0.431641 0.530273 0.461913 0.520509 0.467774
1 0.67871 0.463868 0.69043 0.458009 0.712891 0.499999 0.701173 0.50586
1 0.706055 0.520508 0.717773 0.514649 0.736328 0.551757 0.726562 0.557616
1 0.683595 0.531251 0.696288 0.525392 0.714844 0.563478 0.702148 0.569337
1 0.661132 0.538087 0.673828 0.530273 0.694337 0.574218 0.681641 0.580077
1 0.640625 0.550782 0.651368 0.545898 0.670899 0.584961 0.659179 0.59082
1 0.621094 0.560546 0.63379 0.554687 0.653321 0.59375 0.641601 0.599609
1 0.599609 0.571289 0.611327 0.566407 0.626954 0.605468 0.615234 0.610352
1 0.580078 0.585938 0.591796 0.579102 0.610352 0.615234 0.597656 0.621093
1 0.54004 0.608397 0.551758 0.602538 0.566407 0.629883 0.552733 0.63672
1 0.523438 0.426757 0.53418 0.421875 0.550782 0.453125 0.54004 0.458984
1 0.488282 0.448243 0.499024 0.443359 0.514649 0.474608 0.504882 0.479492
1 0.467773 0.455079 0.479493 0.450195 0.498046 0.485351 0.486328 0.492188
1 0.515624 0.0136716 0.512695 0.00292867 0.533202 -0.00390548 0.536133 0.0068354
1 0.497071 0.426757 0.491211 0.414061 0.524413 0.396484 0.531251 0.411132
1 0.547851 0.401366 0.542969 0.391603 0.56836 0.378905 0.573243 0.388671
1 0.475586 0.427734 0.479493 0.436523 0.461915 0.446288 0.458008 0.438477
1 0.422852 0.46582 0.417968 0.455079 0.446288 0.440429 0.451172 0.452149
1 0.432617 0.479492 0.443359 0.473633 0.45703 0.502931 0.447266 0.507812
1 0.451172 0.466797 0.460937 0.459961 0.478515 0.49414 0.46875 0.499024
