7 1 0.0336917 0.999512 0.0629888 0.967774 0.0190425 0.982911 0.00927764
7 0.773925 0.0927733 0.747558 0.0942381 0.743652 0.0424804 0.770508 0.0400395
7 0.00146438 0.634277 0.0219724 0.633789 0.0219724 0.669922 0.00195342 0.669922
7 0.120606 0.607422 0.147461 0.606446 0.148438 0.650391 0.122071 0.652344
7 0.21875 0.581054 0.242188 0.578613 0.244141 0.638184 0.22168 0.638184
7 0.262207 0.562988 0.29834 0.562012 0.297364 0.63086 0.26416 0.630371
7 0.349609 0.55957 0.381836 0.563477 0.373536 0.63623 0.34082 0.631836
7 0.395996 0.562012 0.425293 0.567382 0.412598 0.65625 0.382324 0.651367
7 0.437988 0.560547 0.470215 0.571777 0.449218 0.647461 0.414063 0.637695
7 0.520996 0.594239 0.54834 0.598144 0.540527 0.664551 0.512207 0.661133
7 0.687988 0.649415 0.703614 0.672364 0.638672 0.71875 0.623047 0.6958
7 0.777832 0.700684 0.78418 0.711426 0.708984 0.759765 0.701172 0.749512
7 0.807128 0.721192 0.812012 0.729492 0.706543 0.797364 0.701172 0.789551
7 0.8667 0.728516 0.891602 0.763672 0.749512 0.85791 0.72461 0.818359
7 0.890625 0.81543 0.896972 0.816895 0.889648 0.869628 0.883301 0.868652
7 0.882324 0.870606 0.890136 0.869628 0.908204 0.944824 0.900879 0.946289
7 0.157226 0.427735 0.147461 0.442383 0.118164 0.422852 0.129882 0.408691
7 0.198242 0.379394 0.196778 0.387207 0.159668 0.381836 0.160645 0.373535
7 0.215332 0.280762 0.215821 0.290039 0.181641 0.291993 0.180176 0.283203
7 0.246582 0.230958 0.243164 0.239258 0.143067 0.198242 0.146973 0.189941
7 0.27002 0.180176 0.263672 0.181641 0.25 0.141601 0.255371 0.139648
7 0.598633 0.129394 0.569336 0.130371 0.567871 0.0869142 0.598144 0.0874028
