1 0.690617 0.347508 0.711143 0.348973 0.709678 0.414955 0.687682 0.413491
1 0.47214 0.542521 0.501467 0.543989 0.497067 0.637831 0.467743 0.636364
1 0.486805 0.401761 0.50733 0.401761 0.502934 0.475074 0.480938 0.472139
1 0.755132 0.539589 0.725808 0.538122 0.728739 0.439883 0.756599 0.439883
1 0.668621 0.53519 0.639297 0.529327 0.651027 0.434017 0.680351 0.438416
1 0.529326 0.431085 0.551319 0.432552 0.54692 0.4956 0.524927 0.494136
1 0.785923 0.412024 0.76393 0.410556 0.766862 0.346041 0.78739 0.348973
1 0.734603 0.344574 0.756599 0.347508 0.753664 0.417887 0.731671 0.414955
1 0.678887 0.407624 0.653959 0.404693 0.656891 0.335778 0.678887 0.335778
1 0.951613 0.0263941 0.970674 0.0278583 0.967742 0.0718479 0.950146 0.0703803
1 0.63343 0.412024 0.611437 0.412024 0.612902 0.337242 0.636362 0.33871
1 0.504398 0.278591 0.541056 0.278591 0.533725 0.406157 0.499999 0.403225
1 0.593841 0.0234592 0.620236 0.0469197 0.549855 0.136363 0.521995 0.111438
1 0.50733 0.118769 0.548387 0.118769 0.542521 0.278591 0.502934 0.275659
1 0.592376 0.291789 0.561585 0.291789 0.563049 0.196482 0.590909 0.196482
1 0.526394 0.568914 0.552787 0.570381 0.548387 0.649561 0.520528 0.646626
1 0.494136 0.722875 0.469208 0.721408 0.47214 0.649561 0.497067 0.649561
1 0.538125 0.73167 0.514664 0.730206 0.51906 0.667155 0.538125 0.667155
1 0.58651 0.73167 0.557186 0.728739 0.560117 0.646626 0.587977 0.648094
1 0.456013 0.807919 0.438416 0.806452 0.439884 0.753667 0.457478 0.753667
1 0.441348 0.744868 0.442816 0.725807 0.491204 0.727271 0.491204 0.7478
1 0.686218 0.865103 0.664222 0.863635 0.665689 0.788858 0.68915 0.78739
1 0.653959 0.862171 0.630499 0.860704 0.63343 0.788858 0.656891 0.790322
1 0.629031 0.859236 0.607038 0.859236 0.60997 0.788858 0.63343 0.790322
1 0.514664 0.760998 0.53519 0.760998 0.533725 0.82698 0.511729 0.82698
1 0.524927 0.882697 0.508798 0.882697 0.510265 0.837243 0.526394 0.837243
1 0.595308 0.878298 0.574779 0.878298 0.576247 0.818182 0.595308 0.819649
1 0.680351 0.768329 0.674488 0.788858 0.611437 0.771261 0.617301 0.752199
1 0.59824 0.818182 0.574779 0.816714 0.576247 0.755131 0.599707 0.756598
1 0.524927 0.771261 0.526394 0.752199 0.577711 0.755131 0.574779 0.77566
1 0.717009 0.640763 0.747801 0.640763 0.744869 0.739002 0.717009 0.739002
1 0.680351 0.652493 0.708211 0.652493 0.705279 0.740469 0.677419 0.737537
1 0.667157 0.737537 0.63783 0.73607 0.639297 0.649561 0.668621 0.651026
1 0.6217 0.734605 0.593841 0.734605 0.59824 0.651026 0.627567 0.652493
1 0.697948 0.162755 0.675952 0.193547 0.593841 0.118769 0.615837 0.093841
1 0.725808 0.139295 0.705279 0.162755 0.6217 0.0865099 0.639297 0.0645168
1 0.750732 0.0953085 0.730204 0.121701 0.648092 0.0527865 0.668621 0.0278583
1 0.976541 0.448679 1.00147 0.448679 1.00147 0.519061 0.973606 0.519061
1 0.670088 0.0190631 0.687682 -0.00146583 0.756599 0.0542508 0.739002 0.0762471
1 0.920822 0.524927 0.895894 0.52346 0.89443 0.448679 0.919354 0.447215
1 0.451614 0.882697 0.428154 0.879765 0.432553 0.81525 0.454546 0.816714
1 0.445747 0.961877 0.417888 0.96041 0.423754 0.881233 0.453078 0.884164
1 0.536657 0.995601 0.505866 0.994137 0.508798 0.900294 0.538125 0.901758
1 0.973606 0.774192 1.00586 0.77566 1.00147 0.879765 0.969207 0.876834
1 0.824048 0.888564 0.788858 0.887096 0.793254 0.76393 0.82698 0.76393
1 0.749268 0.769793 0.777128 0.768329 0.778592 0.859236 0.747801 0.860704
1 0.733139 0.869502 0.697948 0.868035 0.699412 0.76393 0.731671 0.76393
1 0.853372 0.445747 0.873901 0.447215 0.870969 0.505866 0.850441 0.504398
1 0.863635 0.417887 0.837243 0.416423 0.840175 0.346041 0.865103 0.347508
1 0.828444 0.420822 0.806452 0.419355 0.807919 0.347508 0.834311 0.348973
