0 0.128906 0.127441 0.122071 0.114258 0.137208 0.106446 0.144043 0.118165
0 0.143554 0.131836 0.137208 0.121095 0.149902 0.114258 0.155762 0.124999
0 0.14502 0.13379 0.145996 0.128418 0.150391 0.129395 0.149414 0.135255
0 0.121094 0.140625 0.139649 0.125488 0.152832 0.140625 0.13379 0.156738
0 0.100098 0.144043 0.115723 0.138183 0.121094 0.151366 0.10498 0.157227
0 0.0820311 0.149413 0.0991213 0.14209 0.106934 0.160157 0.0898434 0.166992
0 0.118653 0.139648 0.122558 0.137695 0.125976 0.143067 0.121582 0.145508
0 0.122071 0.135255 0.126953 0.132813 0.129883 0.137206 0.124999 0.139648
0 0.0976557 0.138671 0.0927735 0.141601 0.0893556 0.135741 0.0952146 0.133302
0 0.0800776 0.141601 0.0869145 0.138671 0.0888667 0.144043 0.0830077 0.147462
0 0.58545 0.27832 0.566895 0.273437 0.571289 0.253907 0.589844 0.258788
0 0.630371 0.147462 0.647949 0.151366 0.643555 0.170899 0.625 0.166992
0 0.629882 0.109374 0.611817 0.104493 0.616699 0.0854488 0.634766 0.0903324
0 0.686523 0.124999 0.667969 0.11963 0.67334 0.0996091 0.691894 0.105469
0 0.662109 0.0322264 0.6792 0.0375984 0.674804 0.0551749 0.656738 0.0507818
0 0.689453 0.0390634 0.708008 0.0444332 0.703613 0.0625003 0.685059 0.0576167
0 0.0869145 0.0444332 0.0820311 0.046875 0.079101 0.0415031 0.0839844 0.0390634
0 0.0805666 0.0473633 0.0776365 0.0488285 0.0756831 0.0463867 0.07959 0.0444332
0 0.09082 0.0405263 0.0864256 0.0429681 0.0834955 0.0380867 0.0883789 0.0356449
0 0.0976557 0.0366216 0.0922857 0.0395517 0.0893556 0.0336915 0.0957036 0.0312496
0 0.0976557 0.144043 0.10205 0.14209 0.104493 0.145997 0.100098 0.148927
