0 0.76465 0.699217 0.851564 0.657226 0.888672 0.723635 0.801758 0.768553
0 0.79199 0.33789 0.719727 0.356443 0.701174 0.284181 0.776369 0.270511
0 0.880861 0.294924 0.81055 0.327147 0.779296 0.261719 0.851564 0.232422
0 0.971678 0.273438 0.885745 0.294924 0.869143 0.225587 0.958984 0.20996
0 0.499024 0.58789 0.577147 0.563477 0.596682 0.617186 0.515626 0.644532
0 0.753908 0.576171 0.664061 0.603517 0.640623 0.539064 0.732421 0.512694
0 0.734373 0.493165 0.817384 0.471679 0.83203 0.539064 0.754883 0.561525
0 0.816409 0.471679 0.894531 0.447266 0.91406 0.51367 0.839846 0.538088
0 0.903323 0.442382 0.979495 0.424804 0.998048 0.485354 0.924803 0.507811
0 0.260743 0.891599 0.333982 0.862302 0.3584 0.920901 0.286131 0.953125
0 0.53418 0.783204 0.61621 0.762694 0.634764 0.833005 0.557617 0.857424
0 0.618162 0.763669 0.69629 0.737305 0.719727 0.800782 0.640623 0.828128
0 0.875002 0.680663 0.957032 0.649415 0.977537 0.699217 0.893556 0.728513
0 0.640623 0.12793 0.56836 0.185547 0.522461 0.12207 0.595706 0.0664043
0 0.496091 0.186523 0.415037 0.212893 0.392581 0.1416 0.473636 0.120119
0 0.393556 0.206052 0.320312 0.236331 0.300783 0.180664 0.373045 0.157227
0 -0.0146508 0.131838 0.0507827 0.105468 0.0693364 0.149416 0.00683498 0.178712
0 0.0175781 0.0986333 0.124997 0.0498075 0.16211 0.124997 0.0605445 0.17578
