8 0.699219 0.558594 0.710938 0.553711 0.712891 0.557617 0.701172 0.563477
8 0.222656 0.186523 0.230469 0.182617 0.236328 0.195312 0.227539 0.199219
8 0.380859 0.125 0.395508 0.119141 0.401367 0.132812 0.386719 0.139648
8 0.150391 0.59082 0.15625 0.585938 0.15918 0.589844 0.152344 0.594727
8 0.227539 0.728516 0.238281 0.724609 0.242188 0.730469 0.231445 0.734375
8 0.785156 0.922852 0.796875 0.916992 0.797852 0.920898 0.787109 0.926758
8 0.651367 0.376953 0.667969 0.373047 0.667969 0.37793 0.652344 0.380859
8 0.75 0.318359 0.754883 0.31543 0.759766 0.324219 0.755859 0.326172
8 0.53125 0.0683594 0.551758 0.0615234 0.555664 0.0712891 0.536133 0.0791016
8 0.164062 0.201172 0.177734 0.196289 0.18457 0.213867 0.171875 0.21875
