1 0.593845 0.956008 0.615833 0.909095 0.746334 0.976541 0.719942 1.02493
1 0.983871 0.423753 1.0044 0.451615 0.944282 0.511731 0.917889 0.480936
1 0.947215 0.375365 0.980938 0.409092 0.907626 0.483868 0.881233 0.456014
1 0.64663 0.387093 0.626095 0.379763 0.643696 0.328443 0.670089 0.335774
1 0.652488 0.171552 0.721404 0.192085 0.620237 0.388559 0.558651 0.360704
1 0.517599 0.114368 0.585043 0.130502 0.508799 0.34751 0.441345 0.324045
1 0.797658 0.513198 0.825513 0.458946 0.992671 0.557187 0.966279 0.609973
1 0.749268 0.568915 0.775661 0.505867 0.966279 0.608507 0.932548 0.668623
1 0.711141 0.630497 0.746334 0.568915 0.932548 0.670089 0.904692 0.728739
1 0.705274 0.686216 0.734601 0.634895 0.907626 0.724341 0.879762 0.772728
1 0.705274 0.790321 0.725809 0.750729 0.848973 0.82698 0.82258 0.860707
1 0.649564 0.821116 0.677419 0.774194 0.821117 0.857775 0.785924 0.903223
1 0.627567 0.86364 0.652488 0.81965 0.788858 0.897358 0.766861 0.945746
1 0.626095 0.914959 0.64663 0.875368 0.765398 0.942814 0.743402 0.982405
1 0.0293212 0.0102625 0.0733159 0.0219909 0.0249253 0.167154 -0.0205307 0.148095
1 0.0879744 0.0131947 0.13343 0.0278632 0.0733159 0.178882 0.0322552 0.162756
1 0.146628 0.0454556 0.196479 0.05865 0.137826 0.205279 0.0850404 0.186221
1 0.174483 0.10997 0.214081 0.123164 0.175954 0.222871 0.137826 0.203813
1 0.435487 0.127562 0.507328 0.146629 0.451617 0.315249 0.387097 0.294724
1 0.39003 0.17595 0.432553 0.189152 0.394426 0.294724 0.354837 0.277124
1 0.356308 0.148095 0.394426 0.158357 0.356308 0.272725 0.316718 0.265395
1 0.304985 0.108504 0.363638 0.115834 0.313785 0.266861 0.258066 0.246336
1 0.260999 0.127562 0.297655 0.137833 0.258066 0.247802 0.219939 0.233134
1 0.218477 0.10997 0.259529 0.120232 0.214081 0.240472 0.17302 0.222871
