10 0.768557 0.629882 0.785154 0.628905 0.782225 0.664064 0.768557 0.665041
10 0.635744 0.424805 0.619141 0.423828 0.62207 0.392577 0.634765 0.392577
10 0.657227 0.429691 0.640624 0.429691 0.64551 0.385744 0.660156 0.384767
10 0.708987 0.426759 0.691406 0.428713 0.696291 0.386721 0.70996 0.386721
10 0.612304 0.646481 0.597657 0.647458 0.598636 0.616208 0.61426 0.616208
10 0.630857 0.649413 0.618162 0.649413 0.619141 0.620117 0.632814 0.61914
10 0.692384 0.659178 0.677732 0.661132 0.677732 0.626951 0.691406 0.625974
10 0.728514 0.661132 0.713867 0.660155 0.713867 0.625974 0.725585 0.624026
10 0.744138 0.663087 0.732421 0.664064 0.733399 0.628905 0.745117 0.627928
10 0.764649 0.663087 0.750003 0.663087 0.753904 0.629882 0.7666 0.631836
10 0.789062 0.631836 0.805665 0.631836 0.804687 0.661132 0.79004 0.661132
10 0.351563 0.600586 0.365237 0.598632 0.365237 0.632813 0.352542 0.633791
10 0.825197 0.666018 0.809572 0.667966 0.811523 0.631836 0.82324 0.630859
10 0.842773 0.665041 0.831056 0.665041 0.828126 0.634768 0.841794 0.634768
10 0.863284 0.668943 0.84961 0.670898 0.84961 0.637693 0.862305 0.635745
10 0.885739 0.671875 0.870115 0.671875 0.872071 0.637693 0.885739 0.63867
10 0.777345 0.524412 0.763671 0.525389 0.763671 0.491214 0.778323 0.492185
10 0.760741 0.534177 0.777345 0.537109 0.774415 0.575192 0.759763 0.57617
10 0.834963 0.57129 0.81836 0.57129 0.82129 0.532229 0.833985 0.532229
10 0.811523 0.563479 0.796877 0.56445 0.798828 0.5332 0.813474 0.532229
10 0.814453 0.52832 0.799806 0.530275 0.803714 0.498047 0.817382 0.498047
10 0.611331 0.428713 0.598636 0.427736 0.601565 0.387698 0.617189 0.387698
10 0.591799 0.417971 0.578125 0.417971 0.582032 0.386721 0.594728 0.387698
10 0.570315 0.417971 0.554685 0.418948 0.556642 0.377933 0.570315 0.377933
10 0.68164 0.557616 0.666015 0.557616 0.666015 0.523435 0.679688 0.521487
10 0.407225 0.640625 0.39453 0.642579 0.396487 0.612306 0.408204 0.610352
10 0.416013 0.605466 0.433595 0.604495 0.430665 0.643557 0.413084 0.642579
10 0.41504 0.49707 0.401367 0.496093 0.402345 0.458986 0.418942 0.458986
10 0.401367 0.506836 0.413084 0.507813 0.414062 0.539063 0.400388 0.541995
10 0.359373 0.411131 0.341797 0.412108 0.342775 0.36719 0.359373 0.366213
10 0.374998 0.409183 0.365237 0.409183 0.365237 0.374024 0.377927 0.373047
10 0.403318 0.41504 0.38672 0.417971 0.38672 0.37207 0.401367 0.371092
10 0.420899 0.405274 0.408204 0.407228 0.410155 0.366213 0.42285 0.365236
10 0.429687 0.375001 0.445312 0.376956 0.443361 0.408206 0.431638 0.410153
10 0.438475 0.333985 0.452148 0.334963 0.450198 0.369138 0.434573 0.371092
10 0.424807 0.506836 0.439453 0.506836 0.439453 0.541995 0.423829 0.542972
10 0.504881 0.620117 0.489257 0.61426 0.506838 0.584958 0.519534 0.591798
10 0.575196 0.64551 0.560549 0.64551 0.561522 0.615237 0.574217 0.61426
10 0.591799 0.647458 0.579103 0.647458 0.580076 0.616208 0.592771 0.61426
10 0.548826 0.514647 0.561522 0.513669 0.559571 0.550783 0.542968 0.549806
10 0.56738 0.515624 0.583005 0.516601 0.582032 0.548829 0.569337 0.549806
10 0.589842 0.52051 0.606445 0.519533 0.604494 0.552737 0.59082 0.55176
10 0.684569 0.37988 0.666993 0.378903 0.668944 0.341796 0.684569 0.342774
10 0.640624 0.553708 0.626956 0.553708 0.627928 0.523435 0.644531 0.522464
10 0.852539 0.570313 0.837893 0.569336 0.838865 0.534177 0.853517 0.534177
10 0.747067 0.385744 0.733399 0.386721 0.734372 0.353516 0.748046 0.354494
10 0.769529 0.387698 0.752932 0.389646 0.754883 0.34863 0.770508 0.347653
10 0.921875 0.670898 0.905272 0.668943 0.908201 0.63867 0.920897 0.637693
10 0.941407 0.672852 0.927733 0.671875 0.92969 0.642579 0.942385 0.642579
10 0.981444 0.67383 0.967771 0.67383 0.967771 0.642579 0.977537 0.640625
10 0.999999 0.675784 0.984374 0.67383 0.986331 0.643557 0.998047 0.643557
10 0.793948 0.386721 0.773437 0.386721 0.779295 0.350585 0.793948 0.350585
10 0.871093 0.568359 0.856447 0.569336 0.859376 0.532229 0.871093 0.532229
10 0.893555 0.568359 0.87793 0.567382 0.880859 0.538086 0.892576 0.536132
10 0.894533 0.531252 0.880859 0.531252 0.88281 0.491214 0.898435 0.492185
10 0.913087 0.542972 0.927733 0.542972 0.924804 0.575192 0.910158 0.575192
10 0.947266 0.573245 0.931641 0.573245 0.932619 0.543942 0.948244 0.543942
10 0.984374 0.580079 0.970706 0.582033 0.973635 0.545897 0.987303 0.545897
10 0.900392 0.437501 0.884767 0.438478 0.884767 0.401366 0.899413 0.402343
10 0.879881 0.3916 0.862305 0.392577 0.865234 0.361327 0.881837 0.361327
10 0.9375 0.436524 0.919924 0.437501 0.923826 0.402343 0.936521 0.40332
10 0.961912 0.396486 0.949217 0.39844 0.947266 0.365236 0.961912 0.364259
10 0.986331 0.444335 0.970706 0.444335 0.968749 0.40332 0.987303 0.402343
10 0.385742 0.636716 0.371096 0.636716 0.373047 0.605466 0.38672 0.606443
10 0.347656 0.63867 0.331053 0.636716 0.331053 0.604495 0.344726 0.604495
10 0.310548 0.597655 0.325194 0.598632 0.323243 0.633791 0.309569 0.634768
10 0.037112 0.33594 0.0166013 0.33594 0.0234382 0.299804 0.0380845 0.298826
10 0.166017 0.34375 0.146485 0.341796 0.151365 0.305667 0.169919 0.305667
10 0.203125 0.393554 0.186522 0.393554 0.191408 0.357425 0.206055 0.357425
10 0.225587 0.396486 0.212892 0.396486 0.212892 0.361327 0.228516 0.362304
10 0.289064 0.402343 0.274412 0.404297 0.276369 0.368167 0.291994 0.368167
10 0.179686 0.478517 0.163088 0.478517 0.166017 0.448244 0.179686 0.448244
10 0.201174 0.479494 0.187501 0.480471 0.187501 0.451169 0.201174 0.450198
10 0.285157 0.490237 0.27051 0.490237 0.271483 0.457032 0.283206 0.455078
10 0.308591 0.495116 0.294923 0.495116 0.296874 0.461912 0.311526 0.460935
10 0.291994 0.502927 0.305662 0.500979 0.304689 0.5332 0.288086 0.5332
10 0.266603 0.501956 0.282228 0.501956 0.281249 0.534177 0.268554 0.535154
10 0.33496 0.505858 0.350585 0.506836 0.348634 0.541017 0.33496 0.544919
10 0.245119 0.532229 0.227538 0.5332 0.230467 0.490237 0.248049 0.490237
10 0.19824 0.530275 0.181642 0.532229 0.183593 0.493162 0.19824 0.494139
10 0.155273 0.52832 0.135741 0.527343 0.139648 0.487305 0.157224 0.488282
10 0.189452 0.627928 0.172854 0.626951 0.174805 0.583987 0.189452 0.583987
10 0.199218 0.592775 0.212892 0.595701 0.209962 0.629882 0.194338 0.629882
10 0.236326 0.628905 0.219728 0.627928 0.224609 0.587889 0.236326 0.589844
10 0.274412 0.628905 0.258788 0.628905 0.258788 0.592775 0.275391 0.590821
10 0.294923 0.631836 0.283206 0.631836 0.285157 0.593753 0.30176 0.59473
10 0.117187 0.385744 0.101562 0.386721 0.103518 0.351562 0.119143 0.352539
10 0.0576169 0.381835 0.0439432 0.382812 0.0449214 0.34863 0.0595679 0.346682
10 0.0107427 0.754883 0.0244164 0.753906 0.0224597 0.78711 0.00879169 0.786133
10 0.0322261 0.756837 0.0458996 0.756837 0.0429704 0.789065 0.0292966 0.790042
10 0.0468724 0.523435 0.0312476 0.523435 0.0351553 0.481448 0.0488291 0.482419
