10 0.149563 0.0469244 0.129032 0.0571855 0.105573 0.0117316 0.124634 3.57977e-06
10 0.736073 0.520528 0.71994 0.505866 0.761001 0.467738 0.774196 0.485334
10 0.718471 0.49267 0.699418 0.478008 0.739002 0.448684 0.746338 0.463346
10 0.709675 0.420817 0.725807 0.434022 0.690613 0.46628 0.677418 0.450151
10 0.693551 0.391492 0.706745 0.412023 0.67302 0.439881 0.651029 0.420817
10 0.653958 0.410556 0.642232 0.401762 0.674489 0.373896 0.683285 0.3871
10 0.629029 0.397361 0.611436 0.378298 0.661294 0.341647 0.674489 0.359233
10 0.607038 0.363635 0.589445 0.348973 0.629029 0.315246 0.637834 0.33431
10 0.563047 0.329909 0.545455 0.312312 0.589445 0.263933 0.607038 0.281521
10 0.560118 0.244869 0.57918 0.259532 0.543985 0.299117 0.523463 0.284455
10 0.479472 0.230207 0.464809 0.217012 0.505862 0.178885 0.516127 0.19208
10 0.520526 0.197949 0.535189 0.215545 0.501463 0.249271 0.485339 0.236067
10 0.442818 0.398828 0.423756 0.382699 0.46334 0.35044 0.476543 0.365102
10 0.494136 0.463346 0.475074 0.447216 0.520526 0.414957 0.53226 0.431087
10 0.541056 0.511734 0.527861 0.498529 0.565985 0.464814 0.582109 0.480943
10 0.590905 0.483867 0.60264 0.501464 0.565985 0.535191 0.545455 0.516126
10 0.614365 0.510267 0.627569 0.529321 0.589445 0.560113 0.570383 0.543983
10 0.630498 0.538125 0.64663 0.549853 0.60264 0.586512 0.590905 0.57185
10 0.655427 0.558655 0.671551 0.574775 0.627569 0.612903 0.612905 0.596774
