0 0.260255 0.498046 0.311524 0.442383 0.379396 0.504883 0.329101 0.560548
0 0.395507 0.155761 0.314942 0.169922 0.299804 0.0805657 0.37793 0.0644533
0 0.143553 0.487304 0.00878811 0.503418 -0.00878906 0.367676 0.118654 0.347655
0 0.209473 0.555664 0.266602 0.503906 0.315428 0.567382 0.260742 0.613769
0 0.145509 0.632325 0.186523 0.566406 0.261231 0.618653 0.216796 0.679688
0 0.354493 0.797851 0.299804 0.786132 0.316894 0.726075 0.369628 0.737305
0 0.898925 0.401856 0.948241 0.376954 0.970702 0.422363 0.919434 0.445313
0 0.810547 1.03027 0.765136 0.958984 0.851562 0.905761 0.896483 0.97998
0 0.735352 0.964356 0.692872 0.888673 0.780274 0.841798 0.827148 0.913085
0 0.739746 0.703125 0.808105 0.648438 0.874022 0.727051 0.812989 0.780274
0 0.803222 0.669434 0.835937 0.597656 0.919921 0.636231 0.887208 0.702637
0 0.80664 0.610351 0.788573 0.558106 0.851075 0.535645 0.873046 0.589844
0 0.792967 0.565918 0.716309 0.547851 0.739746 0.46582 0.8125 0.482422
0 0.725585 0.223633 0.802245 0.158203 0.882324 0.247071 0.807129 0.3125
0 0.743651 0.581054 0.653321 0.609375 0.623048 0.515625 0.70996 0.485352
0 0.67871 0.629395 0.606444 0.677734 0.552734 0.59082 0.622558 0.542969
0 0.60791 0.675782 0.548829 0.742188 0.470216 0.671386 0.527344 0.607423
0 0.454101 0.165527 0.395997 0.159179 0.407227 0.094238 0.46289 0.101074
0 0.478515 0.198242 0.449707 0.153321 0.506349 0.115234 0.537109 0.161133
0 0.478515 0.27539 0.484375 0.201172 0.569337 0.206542 0.562988 0.282714
0 0.529296 0.808593 0.418458 0.844238 0.378906 0.717773 0.482909 0.677246
