10 0.240465 0.580645 0.208209 0.580645 0.208209 0.514662 0.239007 0.514662
10 0.315246 0.561582 0.287391 0.563051 0.287391 0.504399 0.316713 0.50293
10 0.350436 0.568913 0.321114 0.567451 0.322581 0.504399 0.350436 0.504399
10 0.365106 0.504399 0.391494 0.50293 0.387093 0.570382 0.359238 0.570382
10 0.397362 0.505868 0.425217 0.505868 0.425217 0.565982 0.397362 0.568913
10 0.460407 0.561582 0.432552 0.564513 0.434019 0.504399 0.460407 0.505868
10 0.470676 0.510262 0.494139 0.50733 0.495597 0.55865 0.469209 0.56012
10 0.504399 0.499999 0.530796 0.50293 0.532254 0.551319 0.504399 0.55425
10 0.280056 0.571844 0.252201 0.574783 0.252201 0.517593 0.281523 0.514662
10 0.197949 0.573313 0.167151 0.577714 0.173019 0.517593 0.200883 0.517593
10 0.102639 0.573313 0.0923791 0.548388 0.136362 0.533725 0.145164 0.557181
10 0.38856 0.0307936 0.395895 0.0615813 0.332841 0.0835756 0.321114 0.0527879
10 0.372432 0.104108 0.369498 0.127564 0.325515 0.120233 0.329916 0.0982385
10 0.472143 0.0909071 0.464808 0.120233 0.40323 0.107039 0.409089 0.0777133
10 0.472143 0.131965 0.464808 0.159821 0.410556 0.15249 0.414957 0.124633
10 0.461874 0.164221 0.456015 0.189147 0.40323 0.178884 0.407622 0.155428
10 0.453081 0.195016 0.447213 0.224342 0.387093 0.212611 0.391494 0.181816
10 0.44868 0.233136 0.445746 0.25953 0.390027 0.247799 0.395895 0.222873
10 0.38856 0.282994 0.391494 0.253668 0.447213 0.265393 0.444279 0.290325
10 0.420825 0.294718 0.417891 0.324044 0.356304 0.316713 0.360705 0.284456
10 0.426684 0.326983 0.429618 0.296188 0.499998 0.307919 0.492672 0.337245
10 0.0498543 0.545457 0.0381273 0.520531 0.0894451 0.495599 0.101172 0.521993
9 0.68475 0.347508 0.648093 0.341645 0.686217 0.123164 0.721407 0.129034
9 0.812316 0.372433 0.778593 0.365102 0.818184 0.149559 0.854841 0.159821
9 0.884163 0.391496 0.847506 0.381234 0.884163 0.158359 0.919353 0.162759
10 0.752196 0.994137 0.722874 0.989737 0.730209 0.922285 0.762465 0.928154
10 0.975072 0.589445 0.947217 0.596777 0.934014 0.538125 0.960411 0.530794
