0 0.100586 0.601562 0.166016 0.558594 0.217773 0.630859 0.150391 0.678711
0 0.0683594 0.634766 0.109375 0.633789 0.111328 0.69043 0.0683594 0.691406
0 0.384766 0.443359 0.391602 0.491211 0.342773 0.5 0.334961 0.453125
0 0.404297 0.612305 0.442383 0.643555 0.399414 0.692383 0.360352 0.657227
0 0.501953 0.838867 0.469727 0.868164 0.427734 0.829102 0.463867 0.798828
0 0.517578 0.46582 0.508789 0.415039 0.567383 0.40625 0.574219 0.456055
0 0.527344 0.519531 0.521484 0.473633 0.575195 0.466797 0.582031 0.512695
0 0.9375 0.941406 0.921875 0.976562 0.869141 0.953125 0.887695 0.915039
0 0.0400391 0.603516 0.0644531 0.651367 0.0244141 0.676758 0 0.633789
0 0.0537109 0.494141 0.0283203 0.541016 0.000976562 0.525391 0.0214844 0.477539
