9 0.146484 0.070313 0.166992 0.0615231 0.195312 0.122072 0.176758 0.129883
9 0.15039 0.122072 0.168944 0.113282 0.189452 0.157226 0.168944 0.16504
9 0.167968 0.166016 0.148438 0.170897 0.129882 0.129883 0.149414 0.121093
9 0.110352 0.138673 0.128906 0.130859 0.146484 0.175782 0.128906 0.181642
9 0.0898439 0.097656 0.109376 0.0869144 0.13086 0.128907 0.110352 0.138673
9 0.121094 0.0693371 0.141602 0.0576173 0.16211 0.101562 0.144532 0.110352
9 0.0986319 0.0214844 0.117188 0.0136729 0.138672 0.0566415 0.121094 0.0664072
9 0.208009 0.0996101 0.188476 0.108397 0.166016 0.0615231 0.18457 0.0517574
9 0.203125 0.0898444 0.220703 0.0810545 0.247071 0.133789 0.227539 0.14453
9 0.244141 0.181642 0.267579 0.176757 0.284179 0.216796 0.263671 0.22168
9 0.0751957 0.0244144 0.0947258 0.0146487 0.11914 0.0683588 0.0996099 0.0761729
9 0.192382 0.206055 0.209961 0.199219 0.230469 0.242187 0.211915 0.250977
9 0.0253914 0.0507815 0.0341794 0.070313 -0.00390685 0.0888661 -0.0136709 0.0732429
9 0.0478516 0.0615231 0.0566416 0.0839844 0.00488323 0.108397 -0.0058589 0.0898444
9 0.0615236 0.097656 0.0712897 0.118163 0.0205074 0.143555 0.00976521 0.127929
9 0.0595696 0.123047 0.0683596 0.140625 0.0312493 0.15918 0.0195313 0.1416
9 0.0947258 0.170897 0.105468 0.188477 0.0595696 0.211914 0.0488275 0.194335
9 0.114258 0.229492 0.123046 0.249023 0.0859377 0.264649 0.0761716 0.248047
9 0.118164 0.241212 0.135742 0.233398 0.15625 0.27832 0.138672 0.28418
9 0.137696 0.229492 0.154296 0.220704 0.17871 0.264649 0.157226 0.273439
9 0.174804 0.211914 0.192382 0.2041 0.211915 0.249023 0.194336 0.255859
9 0.531251 0.629883 0.523437 0.615234 0.566407 0.592775 0.575195 0.609376
9 0.480468 0.664062 0.464844 0.672852 0.445312 0.636719 0.46289 0.626953
10 0.429688 0.644531 0.44336 0.639649 0.45703 0.670898 0.44336 0.674803
10 0.970704 0.571289 0.989258 0.567383 0.99414 0.609376 0.976562 0.612303
9 0.956054 0.481446 0.952148 0.467775 0.99121 0.461915 0.993164 0.476562
9 0.984376 0.442383 0.987304 0.458009 0.952148 0.463866 0.950196 0.450195
9 0.945312 0.445313 0.94336 0.430663 0.981446 0.424806 0.982422 0.440429
9 0.942384 0.425782 0.94043 0.411132 0.981446 0.404296 0.982422 0.421876
