9 0.13343 0.604106 0.152493 0.565982 0.275659 0.618768 0.259531 0.659824
9 0.938417 0.813784 0.926687 0.85044 0.780058 0.793255 0.79472 0.756599
9 0.916423 0.857772 0.904692 0.895894 0.758066 0.843108 0.768328 0.806452
9 0.391495 0.708211 0.406157 0.670088 0.529326 0.715543 0.516129 0.750734
9 0.260997 0.656891 0.28006 0.620235 0.40176 0.670088 0.388563 0.709677
9 0.225806 0.835778 0.263929 0.860703 0.202347 0.972142 0.161289 0.944283
9 0.131965 0.816715 0.17302 0.843108 0.108504 0.954546 0.0630504 0.928152
10 0.576248 0.775659 0.592376 0.756599 0.634897 0.793255 0.618769 0.812317
10 0.148093 0.542523 0.151028 0.570382 0.0879773 0.579179 0.0835768 0.55132
10 0.398828 0.926687 0.365102 0.928152 0.357772 0.86217 0.391495 0.859239
10 0.700879 0.758064 0.734605 0.763929 0.718476 0.844575 0.684751 0.837242
10 0.648094 0.756599 0.677418 0.758064 0.675952 0.813784 0.646628 0.813784
9 0.17742 0.832844 0.214075 0.859239 0.148093 0.972142 0.105572 0.947214
9 0.203813 0.649561 0.187682 0.692082 0.0615845 0.640762 0.0791789 0.601173
9 0.422288 0.739003 0.407623 0.774194 0.181818 0.693549 0.202347 0.653959
9 0.326979 0.560116 0.343107 0.519062 0.502933 0.576247 0.491203 0.615837
9 0.124635 0.486803 0.139297 0.444282 0.300586 0.51173 0.285924 0.549853
9 -0.0454555 0.423755 -0.0293244 0.379765 0.0982392 0.431085 0.0821107 0.472141
9 0.0571839 0.769794 0.0923754 0.796188 0.0337231 0.916421 -0.0117302 0.890029
9 0.0923754 0.796188 0.130499 0.821114 0.0674485 0.936951 0.0307913 0.91349
