9 0.88672 0.0966799 0.917969 0.0878909 0.939453 0.167969 0.910156 0.175781
9 0.44629 0.0429685 0.453123 0.0634751 0.400391 0.0781248 0.394533 0.0585952
9 0.833009 0.0966799 0.86133 0.0898421 0.884765 0.17871 0.855468 0.187499
9 0.693361 0.146485 0.723634 0.139648 0.744142 0.221681 0.714845 0.229492
9 0.723634 0.130859 0.752931 0.125002 0.769532 0.204103 0.741211 0.208986
9 0.752931 0.129881 0.778321 0.124024 0.793947 0.189453 0.765626 0.196288
9 0.779297 0.125002 0.806642 0.118164 0.829102 0.195314 0.79785 0.202148
9 0.806642 0.111329 0.83496 0.106446 0.856444 0.196288 0.828126 0.205077
9 0.506835 0.904299 0.513672 0.930665 0.368163 0.96875 0.359374 0.942383
9 0.522461 0.870116 0.529298 0.897461 0.38574 0.933594 0.378907 0.90625
9 0.782228 0.948244 0.77539 0.923828 0.927733 0.888672 0.935546 0.914061
10 0.614259 0.917967 0.599608 0.931639 0.565429 0.8916 0.580079 0.877931
9 0.186523 0.952149 0.195312 0.979494 0.0517578 1.01856 0.0410139 0.992189
9 0.305663 1.01074 0.297853 0.985351 0.455078 0.953127 0.459961 0.979494
9 0.231446 -0.0107427 0.235353 0.0136728 0.176759 0.0302737 0.169921 0.004884
9 0.239259 0.0117183 0.244142 0.0361342 0.181641 0.0507803 0.174804 0.0283191
9 0.243166 0.035157 0.248048 0.0595694 0.187499 0.0761733 0.182617 0.0527349
9 0.248048 0.0595694 0.253906 0.0849624 0.195312 0.100586 0.187499 0.0742188
9 -0.0175763 0.311522 0.00878984 0.304688 0.0312495 0.384766 0.00292814 0.3916
9 0.00976557 0.302733 0.0390625 0.295899 0.0605465 0.377928 0.0312495 0.385743
9 0.0419933 0.305665 0.0673838 0.298827 0.0908192 0.377928 0.0625017 0.385743
9 0.11621 0.283204 0.14258 0.277343 0.162108 0.346678 0.131836 0.350587
9 0.144531 0.276366 0.171877 0.269531 0.19043 0.335938 0.164064 0.34375
9 0.197267 0.251954 0.220702 0.246093 0.235353 0.302733 0.212889 0.310548
9 0.249999 0.246093 0.281252 0.239259 0.305663 0.327149 0.272463 0.336915
9 0.305663 0.232421 0.339846 0.226564 0.361329 0.311522 0.328126 0.320311
9 0.333984 0.211915 0.363281 0.205077 0.38574 0.29785 0.355468 0.302733
9 0.364257 0.204103 0.390626 0.198242 0.416017 0.29297 0.38574 0.299804
