10 0.732422 0.0986319 0.720703 0.110351 0.687501 0.0830077 0.701171 0.069337
10 0.764648 0.0673834 0.749999 0.0781248 0.718749 0.0478518 0.735351 0.0351567
10 0.780275 0.0498055 0.768555 0.0644541 0.732422 0.0302739 0.748046 0.0175788
10 0.745117 0.0166008 0.733397 0.0312495 0.700196 0.0068351 0.712891 -0.00878906
10 0.794923 0.0351567 0.782226 0.0449225 0.757812 0.0185546 0.770509 0.0068351
10 0.808593 0.0146474 0.796874 0.0263666 0.769531 0.000976682 0.783204 -0.0107428
10 0.750978 0.0830077 0.739258 0.0966806 0.703125 0.068359 0.717773 0.0546883
10 0.941405 0.160156 0.952149 0.146485 0.984375 0.177734 0.972656 0.190429
10 0.900392 0.201173 0.884765 0.189453 0.912108 0.158202 0.925781 0.171875
9 0.483398 0.168946 0.504882 0.154297 0.558594 0.223633 0.538087 0.239258
10 0.255858 0.975585 0.25 0.955078 0.295899 0.943359 0.300782 0.963866
9 0.19336 0.870118 0.198242 0.89453 0.138673 0.90625 0.131836 0.884767
10 0.320313 0.993164 0.314452 0.971681 0.360351 0.961915 0.363281 0.983398
10 0.836915 0.827148 0.831054 0.807616 0.869141 0.798829 0.874024 0.819336
10 0.389648 0.945312 0.38379 0.924805 0.43164 0.913086 0.435547 0.933593
10 0.477539 0.83496 0.482422 0.854491 0.439452 0.866211 0.433594 0.845704
10 0.500978 0.762695 0.505861 0.782226 0.468749 0.791992 0.462891 0.77246
10 0.602539 0.925781 0.596681 0.90625 0.637694 0.896484 0.642577 0.916993
10 0.636719 0.88086 0.63086 0.863282 0.668945 0.854491 0.672852 0.873047
10 0.730468 0.886718 0.723632 0.86914 0.764648 0.859374 0.768555 0.878906
10 0.756836 0.91504 0.750978 0.897462 0.79004 0.886718 0.793945 0.908203
10 0.571288 0.781251 0.574218 0.802733 0.537109 0.810548 0.529297 0.790038
10 0.700196 0.778321 0.705078 0.79785 0.669923 0.807616 0.661133 0.788087
10 0.682618 0.722656 0.686523 0.742188 0.652343 0.75 0.646484 0.730468
10 0.83789 0.716797 0.843749 0.736329 0.809572 0.745117 0.802735 0.725585
10 0.941405 0.0087887 0.957032 -0.00390625 0.985351 0.0263666 0.973634 0.0390617
12 0.866212 0.328125 0.914062 0.328125 0.914062 0.376954 0.866212 0.376954
