9 0.825515 0.271262 0.8783 0.271262 0.876833 0.414956 0.825515 0.417889
9 0.648093 0.288856 0.695013 0.290324 0.697947 0.420822 0.651027 0.420822
9 0.00439954 0.571848 -0.0219949 0.549853 0.0689151 0.425221 0.0967735 0.445748
9 0.05132 0.621702 0.049853 0.582113 0.215542 0.574781 0.218476 0.612902
9 0.05132 0.662757 0.049853 0.624633 0.215542 0.621702 0.221407 0.661291
9 0.05132 0.706745 0.049853 0.668621 0.217009 0.66569 0.217009 0.70821
9 0.0557181 0.797654 0.05132 0.75953 0.218476 0.756599 0.221407 0.797654
9 0.0542511 0.841642 0.052787 0.802052 0.218476 0.799121 0.21994 0.838711
9 0.052787 0.88563 0.05132 0.847508 0.218476 0.847508 0.221407 0.882699
9 0.0557181 0.931085 0.0542511 0.891496 0.222874 0.891496 0.221407 0.93255
10 0.897359 0.121701 0.865103 0.121701 0.865103 0.0586511 0.895895 0.0601172
10 0.958944 0.0674487 0.997069 0.064516 1 0.120235 0.961878 0.123167
