7 0.513672 0.232422 0.500978 0.268554 0.362303 0.214845 0.378906 0.177736
7 0.0292969 0.853515 0.0146506 0.85547 0.00195098 0.701172 0.0156264 0.701172
7 0.271485 0.828125 0.261717 0.836916 0.175782 0.718749 0.184569 0.711913
7 0.476564 0.692381 0.471681 0.705078 0.299806 0.606443 0.30469 0.597657
7 0.445311 0.618163 0.438476 0.628904 0.322268 0.568361 0.328127 0.557619
7 0.464846 0.519532 0.453127 0.555664 0.34375 0.507813 0.3584 0.468748
7 0.485351 0.481445 0.479492 0.496093 0.359376 0.442385 0.363279 0.429688
7 0.46289 0.356447 0.45703 0.396485 0.373046 0.376953 0.378906 0.336915
7 0.532227 0.323244 0.518556 0.351563 0.355468 0.291015 0.368163 0.259768
7 0.523435 0.0986336 0.525392 0.132814 0.403319 0.139649 0.401368 0.103514
