7 0.731446 0.75 0.748048 0.74121 0.798827 0.850586 0.783205 0.858399
7 0.662109 0.799803 0.707032 0.783203 0.73633 0.867186 0.691406 0.883789
7 0.618165 0.832032 0.649414 0.819335 0.672852 0.885741 0.642579 0.900388
7 0.234375 0.861328 0.211913 0.884767 0.179689 0.850586 0.20117 0.82617
7 0.413085 0.895509 0.432615 0.912108 0.344729 1.02148 0.32617 1.00488
7 0.0625006 0.955079 0.0527333 0.958985 0.0458981 0.940431 0.0546896 0.937502
7 0.80957 0.774413 0.822264 0.770506 0.845702 0.850586 0.833983 0.853515
7 0.655273 0.587889 0.612306 0.627931 0.554688 0.558593 0.598631 0.521483
7 0.576174 0.313476 0.596679 0.333986 0.498045 0.418947 0.482423 0.398437
7 0.498045 0.30957 0.520507 0.332031 0.441407 0.412111 0.418945 0.390624
7 0.894529 0.699217 0.912107 0.691408 0.972658 0.840818 0.956056 0.848631
7 0.866213 0.754884 0.880859 0.748045 0.923826 0.837889 0.90918 0.845702
7 0.263672 -0.0380876 0.289062 -0.0136714 0.174805 0.0898435 0.152344 0.0673823
7 0.27344 0.0390637 0.298829 0.0644536 0.202146 0.155276 0.178713 0.130859
7 0.321291 0.146485 0.348632 0.174803 0.259765 0.25879 0.2334 0.232423
7 0.399415 0.158204 0.414061 0.171875 0.278319 0.306641 0.265624 0.293944
7 0.37988 0.274416 0.394531 0.288086 0.333986 0.34375 0.32031 0.329102
7 0.454101 0.292971 0.467772 0.307619 0.363283 0.402343 0.350588 0.390624
