11 0.832845 0.703812 0.863635 0.711143 0.850439 0.772727 0.821117 0.765396
0 0.271259 0.847508 0.274195 0.791789 0.318181 0.794721 0.313782 0.851906
0 0.258063 0.914956 0.26393 0.853372 0.306454 0.854839 0.303517 0.919354
0 0.240468 0.863636 0.240468 0.928151 0.197945 0.928151 0.197945 0.86217
0 0.416424 0.797654 0.425221 0.863636 0.382697 0.869503 0.3739 0.804985
11 0.417886 0.917888 0.451613 0.919354 0.448682 0.96481 0.416424 0.963344
0 0.552786 0.957477 0.611435 0.953079 0.612904 0.995602 0.554254 0.998534
0 0.614372 0.953079 0.68035 0.958943 0.67449 1.00587 0.608505 0.998534
0 0.67742 0.96481 0.730203 0.966276 0.730203 1.00733 0.678888 1.00587
0 0.17742 0.662757 0.117302 0.651026 0.1261 0.604106 0.187686 0.615835
0 0.888564 0.958943 0.879766 1.0132 0.841642 1.00733 0.848971 0.951612
11 0.67449 0.687684 0.70821 0.693549 0.696483 0.755132 0.659826 0.746333
0 0.112904 0.652492 0.0527859 0.642229 0.0571844 0.599707 0.118771 0.609971
0 0.507332 0.718476 0.445745 0.706744 0.454543 0.658359 0.516129 0.668622
0 0.426689 0.618768 0.480941 0.624632 0.475074 0.670088 0.419354 0.664223
0 0.442815 0.699414 0.382697 0.696481 0.387096 0.655424 0.445745 0.658359
0 0.3739 0.68915 0.313782 0.683284 0.318181 0.642229 0.379767 0.648093
0 0.296188 0.599707 0.353369 0.607038 0.348971 0.648093 0.29179 0.640762
0 0.306454 0.68475 0.249266 0.677419 0.253665 0.636364 0.312314 0.643695
0 0.234602 0.595309 0.281524 0.601174 0.274195 0.642229 0.228741 0.634898
0 0.246336 0.670088 0.183287 0.661291 0.190616 0.615835 0.252202 0.624632
0 0.0982397 0.57478 0.15689 0.583577 0.151029 0.623166 0.0938413 0.612903
