0 0.211143 0.526393 0.362173 0.527859 0.357768 0.697947 0.208211 0.702346
0 0.253664 0.640762 0.151025 0.643695 0.148093 0.542523 0.253664 0.53959
0 0.107038 0.612903 0.199415 0.61437 0.200881 0.675954 0.108504 0.674487
0 0.234606 0.203812 0.239003 0.309384 0.130501 0.312317 0.127568 0.205279
0 0.451611 0.136363 0.445747 0.265396 0.312316 0.259531 0.316714 0.131966
0 0.369503 0.560117 0.479471 0.561584 0.478006 0.674487 0.370969 0.671554
0 0.662759 0.288857 0.662759 0.356304 0.608505 0.357771 0.608505 0.288857
0 0.87097 0.397361 0.87097 0.304985 0.964812 0.307918 0.966278 0.397361
0 0.675953 0.599708 0.629035 0.640762 0.602641 0.608504 0.649559 0.567449
0 0.678885 0.186218 0.681817 0.277126 0.605573 0.280058 0.601175 0.187682
11 0.862167 0.620235 0.914956 0.623168 0.912024 0.699414 0.859235 0.696481
0 0.869504 0.524926 0.87097 0.40176 0.970677 0.40176 0.967744 0.524926
0 0.907626 0.303519 0.904694 0.234604 0.961874 0.236071 0.961874 0.303519
