1 0.809569 0.0292966 0.817384 0.0253904 0.828124 0.0527341 0.81836 0.0566403
1 0.00976562 0.559571 0.00195348 0.560546 -0.000976801 0.535156 0.00781107 0.535156
1 0.0253899 0.564453 0.0156262 0.563477 0.0166018 0.535156 0.0302749 0.536133
1 0.0400383 0.526367 0.0537112 0.528321 0.0458992 0.568359 0.0312505 0.56543
1 0.0634778 0.566406 0.0517566 0.567383 0.0527353 0.537109 0.0634778 0.535156
1 0.0664051 0.540039 0.0781264 0.543946 0.0703113 0.571289 0.0595717 0.568359
1 0.0732415 0.612305 0.0634778 0.613281 0.0605476 0.583984 0.07129 0.582031
1 0.0498052 0.615234 0.0380869 0.611328 0.0468748 0.581055 0.058593 0.583984
1 0.0351565 0.611328 0.0244141 0.609374 0.0273445 0.579102 0.0400383 0.579102
1 0.00878978 0.574218 0.0205081 0.575196 0.0166018 0.605468 0.00390494 0.603515
1 0.793945 0.0224615 0.803711 0.0185552 0.816405 0.0566403 0.803711 0.0595708
1 0.0302749 0.427734 0.0156262 0.424805 0.0263686 0.390625 0.0419929 0.392578
1 0.0673838 0.40039 0.0771477 0.402343 0.0703113 0.430664 0.0605476 0.427734
1 0.0859385 0.439453 0.0703113 0.433593 0.0771477 0.399414 0.0966811 0.402343
1 0.110351 0.445312 0.0917962 0.442383 0.0976567 0.403321 0.115236 0.40625
1 0.118163 0.40625 0.128905 0.407227 0.124999 0.441406 0.112305 0.44043
1 0.136718 0.452149 0.123048 0.447265 0.13379 0.40625 0.148439 0.40918
1 0.1709 0.461914 0.153321 0.460937 0.154297 0.411133 0.171875 0.412109
1 0.181642 0.417968 0.189454 0.413086 0.201172 0.436524 0.19336 0.441406
1 0.194336 0.477539 0.192382 0.485352 0.168945 0.482421 0.168945 0.472656
1 0.166993 0.499024 0.168945 0.490234 0.194336 0.49414 0.19336 0.503906
1 0.160157 0.508789 0.161133 0.499024 0.192382 0.504883 0.191406 0.514649
1 0.158203 0.518555 0.159178 0.509765 0.186524 0.513671 0.185548 0.523437
1 0.158203 0.524414 0.161133 0.518555 0.189454 0.52539 0.185548 0.535156
1 0.160157 0.541992 0.160157 0.531249 0.188475 0.533203 0.186524 0.543946
1 0.161133 0.545899 0.165039 0.539062 0.185548 0.548828 0.183594 0.555664
1 0.153321 0.5625 0.155272 0.546875 0.185548 0.555664 0.182618 0.567383
1 0.152345 0.574218 0.152345 0.564453 0.180663 0.566406 0.180663 0.576171
1 0.156251 0.592774 0.158203 0.583984 0.183594 0.588868 0.182618 0.597656
1 0.153321 0.604492 0.155272 0.593749 0.181642 0.598633 0.181642 0.607421
1 0.157227 0.615234 0.161133 0.607421 0.183594 0.614258 0.178712 0.623046
1 0.145509 0.642578 0.148439 0.633789 0.176757 0.641602 0.173827 0.652343
1 0.15039 0.625977 0.151366 0.617187 0.175781 0.621093 0.174806 0.629883
1 0.125975 0.65039 0.132812 0.645508 0.15039 0.667968 0.142578 0.672852
1 0.116211 0.662109 0.124024 0.656249 0.139648 0.679687 0.129884 0.68457
1 0.12793 0.686524 0.122069 0.692383 0.108399 0.673828 0.113281 0.668946
1 0.116211 0.691406 0.108399 0.695312 0.0947266 0.673828 0.103514 0.668946
1 0.0839841 0.686524 0.088866 0.678711 0.108399 0.695312 0.103514 0.703124
1 0.0800781 0.697265 0.0849597 0.693359 0.0976567 0.708008 0.0908203 0.713867
1 0.0878901 0.714843 0.0820324 0.719727 0.0693355 0.705078 0.0761719 0.698242
1 0.058593 0.705078 0.0644536 0.701171 0.0830083 0.720703 0.0761719 0.726562
1 0.0673838 0.730468 0.0566416 0.734374 0.0458992 0.701171 0.0556626 0.698242
1 0.0253899 0.716796 0.0400383 0.718749 0.0380869 0.756836 0.0234382 0.755859
1 0.00878978 0.71289 0.0234382 0.71289 0.0224595 0.753906 0.00781107 0.75293
1 0.0380869 0.250977 0.0380869 0.242187 0.0644536 0.245118 0.0634778 0.255859
1 0.208009 0.0253904 0.208009 0.0126958 0.241212 0.0136716 0.242188 0.0263677
1 0.107421 0.0791021 0.0966811 0.077149 0.100587 0.0556646 0.110351 0.0576177
1 0.336915 -0.00195336 0.342773 0.00390601 0.3291 0.0175779 0.322267 0.00976533
1 0.344728 0.00781226 0.349609 0.0117185 0.336915 0.0224615 0.333009 0.0156248
1 0.361328 0.0205083 0.36621 0.0283208 0.343749 0.0410153 0.338867 0.0312497
1 0.365234 0.0312497 0.36914 0.0380865 0.349609 0.0488278 0.345703 0.0410153
1 0.374025 0.0380865 0.378906 0.0449216 0.357422 0.0595708 0.351564 0.050781
1 0.427734 0.110352 0.437501 0.105468 0.45117 0.136718 0.441407 0.140625
1 0.443358 0.112305 0.45117 0.108399 0.462892 0.134765 0.45508 0.137696
1 0.453125 0.104493 0.462892 0.100586 0.478516 0.134765 0.464843 0.139649
1 0.467773 0.0996091 0.476562 0.097656 0.486328 0.12793 0.476562 0.130859
1 0.481446 0.105468 0.488283 0.101562 0.500001 0.126953 0.489259 0.129883
1 0.49414 0.0966802 0.503907 0.0947271 0.507813 0.117187 0.499022 0.120118
1 0.515625 0.0898435 0.524413 0.0869146 0.53418 0.116211 0.523438 0.118165
1 0.528319 0.0859372 0.536131 0.082031 0.544922 0.109375 0.535156 0.112305
1 0.538086 0.0791021 0.546874 0.0751958 0.560547 0.109375 0.549804 0.112305
1 0.55078 0.0781247 0.559571 0.0751958 0.573244 0.106446 0.562501 0.110352
1 0.559571 0.0732427 0.570313 0.0683591 0.583007 0.0986333 0.572265 0.10254
1 0.625977 0.0576177 0.634765 0.0556646 0.642577 0.0869146 0.632814 0.0898435
1 0.615235 0.0644528 0.625001 0.0624997 0.630859 0.0898435 0.619141 0.0917966
1 0.585938 0.0703122 0.595704 0.066406 0.607423 0.097656 0.594726 0.100586
1 0.1875 0.130859 0.199218 0.131836 0.19629 0.151368 0.184569 0.15039
1 0.204103 0.118165 0.203124 0.129883 0.180663 0.126953 0.181642 0.116211
1 0.114257 0.0839841 0.114257 0.0742185 0.138672 0.0761716 0.138672 0.0859372
1 0.116211 0.0712895 0.117187 0.0634771 0.141602 0.066406 0.139648 0.0751958
1 0.116211 0.0624997 0.116211 0.0537115 0.14453 0.0556646 0.145509 0.066406
1 0.118163 0.0537115 0.119142 0.0449216 0.143554 0.0468747 0.142578 0.0566403
1 0.886718 -0.0078128 0.896484 -0.011719 0.912109 0.0312497 0.899415 0.0361333
1 0.675781 0.0419927 0.683593 0.0419927 0.690429 0.082031 0.679687 0.0830083
1 0.688478 0.0488278 0.69629 0.0478521 0.704102 0.0810552 0.693359 0.082031
1 0.69922 0.0439458 0.708008 0.0419927 0.716796 0.077149 0.705077 0.0781247
1 0.73535 0.0419927 0.746093 0.0380865 0.757811 0.0732427 0.745117 0.077149
1 0.748047 0.0380865 0.75586 0.0341802 0.769532 0.0683591 0.757811 0.0703122
1 0.759766 0.0341802 0.769532 0.0312497 0.781251 0.0634771 0.768554 0.0673833
1 0.789063 0.0341802 0.796875 0.0332029 0.800781 0.0605466 0.791993 0.061524
1 0.154297 0.120118 0.155272 0.128906 0.131836 0.131836 0.13086 0.121093
1 0.443358 0.0468747 0.439452 0.0380865 0.466798 0.0224615 0.470704 0.0322271
