10 0.340177 0.0469223 0.346042 0.0703802 0.299121 0.0806459 0.296189 0.058651
10 0.351906 0.0733143 0.359237 0.0953092 0.31085 0.108505 0.30352 0.0879773
10 0.142229 0.0366564 0.137831 0.0102641 0.190616 -0.00439883 0.197947 0.0175958
10 0.184751 0.145163 0.178886 0.124635 0.227273 0.109972 0.233138 0.1305
10 0.369501 0.129033 0.375368 0.152494 0.331377 0.162756 0.325512 0.142229
10 0.372433 0.155425 0.3783 0.181817 0.331377 0.190615 0.325512 0.167154
10 0.387097 0.183284 0.394428 0.208213 0.348974 0.225806 0.338711 0.200882
1 0.239002 0.375368 0.231672 0.346042 0.291788 0.331379 0.297655 0.357771
10 0.197947 0.19648 0.193548 0.174485 0.240468 0.161289 0.2478 0.183284
10 0.206744 0.2566 0.200879 0.233138 0.250734 0.221409 0.258065 0.2434
10 0.219942 0.288856 0.212611 0.263931 0.26393 0.249268 0.272727 0.272726
10 0.265396 0.422288 0.259532 0.398826 0.307918 0.38563 0.315249 0.407625
10 0.269795 0.451614 0.26393 0.428153 0.312317 0.414956 0.319648 0.436951
10 0.268329 0.480937 0.26393 0.456012 0.313783 0.442816 0.321114 0.469208
10 0.343109 0.530791 0.347508 0.55572 0.297655 0.565981 0.293256 0.541056
10 0.357771 0.589443 0.36217 0.611438 0.31085 0.627565 0.306452 0.604106
10 0.423755 0.859237 0.419356 0.834312 0.470675 0.824046 0.475073 0.847508
10 0.489735 0.846041 0.4956 0.872433 0.447213 0.887096 0.438416 0.862171
10 0.460411 0.944282 0.500001 0.932552 0.505866 0.950146 0.467742 0.964809
10 0.432552 0.348972 0.43695 0.372434 0.394428 0.38563 0.387097 0.362168
10 0.442815 0.375368 0.450146 0.401761 0.400293 0.416423 0.395894 0.388564
10 0.448679 0.406158 0.45601 0.428153 0.407624 0.445746 0.398827 0.423755
10 0.453078 0.42962 0.460411 0.454545 0.416424 0.469208 0.410556 0.445746
10 0.467742 0.461876 0.473607 0.482404 0.419356 0.500001 0.413488 0.47654
10 0.47654 0.491202 0.482404 0.513197 0.432552 0.52786 0.425221 0.508796
