10 0.639161 0.253907 0.63965 0.245605 0.658692 0.248047 0.657714 0.256836
10 0.74414 0.0527334 0.752441 0.0527334 0.750488 0.0722651 0.742676 0.0717765
10 0.746094 0.0292977 0.75586 0.0302726 0.754395 0.0488274 0.74463 0.0478525
10 0.856446 0.0322267 0.866212 0.0302726 0.870116 0.0527334 0.86035 0.0546874
10 0.924806 0.122069 0.925781 0.112792 0.943359 0.113281 0.943359 0.121095
10 0.747559 0.103028 0.738768 0.102051 0.740236 0.0800792 0.749023 0.0805655
10 0.997559 0.624023 1.00537 0.629884 0.993166 0.645019 0.98535 0.638672
10 0.579591 0.323243 0.578613 0.332032 0.5625 0.330567 0.562989 0.321778
10 0.575194 0.345215 0.57373 0.352539 0.558106 0.351073 0.559081 0.342773
10 0.549316 0.342773 0.54834 0.350587 0.531249 0.348144 0.532227 0.340333
10 0.524415 0.343261 0.522462 0.351073 0.506348 0.347656 0.507813 0.339355
10 0.522951 0.354981 0.521972 0.364745 0.499512 0.360351 0.500976 0.351562
10 0.909179 0.955567 0.91748 0.953125 0.923827 0.974122 0.916994 0.977051
10 0.878906 0.922364 0.869141 0.925292 0.865722 0.906738 0.873534 0.904786
10 0.867676 0.873048 0.859375 0.874022 0.8584 0.84961 0.868165 0.849121
10 0.872559 0.803223 0.862793 0.800294 0.869141 0.779297 0.879396 0.783203
9 0.974609 0.624023 0.965819 0.617675 0.981446 0.59912 0.988283 0.60498
10 0.816408 0.224609 0.808593 0.223632 0.811036 0.204589 0.819823 0.205566
10 0.953124 0.309571 0.951171 0.301269 0.971191 0.295897 0.973634 0.3042
10 0.956053 0.266602 0.954103 0.257324 0.973145 0.254395 0.977539 0.263673
10 0.885254 0.271485 0.885254 0.263184 0.899902 0.263184 0.901856 0.270996
10 0.855957 0.31836 0.855957 0.310058 0.87207 0.310546 0.872559 0.31836
10 0.793944 0.31836 0.793944 0.310058 0.814454 0.311523 0.814454 0.319824
10 0.77881 0.210449 0.770508 0.205566 0.780763 0.187988 0.788575 0.192383
10 0.580077 0.310546 0.580077 0.319335 0.557617 0.316406 0.558106 0.308106
10 0.668944 0.143067 0.658692 0.142578 0.660157 0.122558 0.668944 0.122558
10 0.671387 0.124023 0.681153 0.126464 0.678223 0.146484 0.668944 0.145507
10 0.694337 0.0332036 0.703124 0.0346671 0.700684 0.0551758 0.690429 0.0541989
10 0.691893 0.0336921 0.683592 0.0332036 0.68506 0.0141604 0.692872 0.0151373
10 0.672851 0.0302726 0.681153 0.031738 0.678709 0.0517584 0.670898 0.0507814
10 0.703124 0.0327151 0.694337 0.0322267 0.695801 0.0141604 0.704588 0.0146489
10 0.668944 0.123047 0.659178 0.122069 0.662596 0.102051 0.670898 0.103028
10 0.680663 0.125 0.671387 0.124512 0.672851 0.104003 0.682128 0.104003
10 0.690918 0.123047 0.682617 0.122558 0.684571 0.106446 0.692383 0.106446
10 0.691893 0.127929 0.700195 0.128418 0.699709 0.149902 0.689454 0.148438
10 0.129883 -0.00244045 0.137695 -0.00195396 0.137207 0.0185548 0.129395 0.0175778
10 0.166992 0.0751961 0.166504 0.0854484 0.146973 0.0844736 0.147949 0.0747077
10 0.129395 0.108886 0.137695 0.106934 0.141602 0.122069 0.133789 0.124512
10 0.0673827 0.137207 0.0751952 0.138184 0.0732421 0.155762 0.0654299 0.153808
10 0.112793 0.214844 0.109863 0.206054 0.129883 0.200683 0.132812 0.208983
10 0.0849609 0.214355 0.106934 0.207032 0.110351 0.215332 0.0883789 0.223632
10 0.122559 0.29834 0.119629 0.307129 0.101074 0.297851 0.104981 0.290528
10 0.104004 0.359864 0.112305 0.362305 0.10791 0.377931 0.100098 0.375488
10 0.0961915 0.382813 0.104492 0.385742 0.100586 0.401855 0.0917969 0.40088
