10 0.881837 0.453125 0.897461 0.461914 0.87793 0.494141 0.861328 0.483399
10 0.379882 0.724609 0.393555 0.732422 0.375 0.762695 0.359375 0.753907
9 0.481445 0.833984 0.5 0.844726 0.469726 0.891602 0.449218 0.88086
9 0.518554 0.790039 0.534179 0.800781 0.505859 0.83789 0.491211 0.825196
9 0.489258 0.779297 0.506836 0.791016 0.481445 0.828125 0.46289 0.814453
9 0.453125 0.829102 0.46875 0.83789 0.442383 0.88086 0.426758 0.870117
9 0.433593 0.824219 0.448242 0.832031 0.416992 0.875976 0.402344 0.866211
9 0.463867 0.777344 0.481445 0.785156 0.457031 0.824219 0.439453 0.813476
9 0.447265 0.755859 0.464843 0.765625 0.436523 0.803711 0.421875 0.792969
9 0.447265 0.72168 0.461915 0.732422 0.433593 0.768554 0.417969 0.756836
9 0.415039 0.763672 0.429687 0.774415 0.402344 0.811524 0.386719 0.800781
10 0.416015 0.801758 0.429687 0.810547 0.407227 0.843749 0.391602 0.834961
10 0.40332 0.730468 0.419922 0.738281 0.40039 0.771484 0.384765 0.763672
9 0.378906 0.767579 0.396484 0.776367 0.364257 0.823242 0.345703 0.811524
9 0.385742 0.676758 0.401367 0.686523 0.37793 0.72168 0.362304 0.711914
9 0.540039 0.800781 0.554688 0.810547 0.522461 0.859375 0.506836 0.84961
9 0.355469 0.71289 0.374024 0.723632 0.341797 0.770508 0.324219 0.759766
9 0.342774 0.81543 0.358399 0.827148 0.329101 0.861328 0.314453 0.850585
10 0.314453 0.805665 0.329101 0.816406 0.303711 0.848633 0.288086 0.836913
9 0.354492 0.756836 0.370117 0.766602 0.339844 0.811524 0.323242 0.799804
9 0.25586 0.599609 0.275391 0.610351 0.243165 0.65625 0.223633 0.644531
9 0.222657 0.649414 0.239258 0.65918 0.207032 0.706054 0.189453 0.692382
9 0.245117 0.661132 0.262695 0.670899 0.234375 0.713867 0.216797 0.703125
9 0.186524 0.697266 0.203125 0.709961 0.171875 0.755859 0.152344 0.743165
9 0.179687 0.649414 0.197265 0.658203 0.149414 0.724609 0.131836 0.711914
9 0.164062 0.618164 0.180664 0.62793 0.148437 0.673828 0.129882 0.660157
9 0.127929 0.666016 0.146484 0.676758 0.115234 0.71875 0.0986328 0.706054
9 0.204102 0.559571 0.222657 0.572265 0.189453 0.618164 0.170899 0.604492
9 0.503906 0.852539 0.521484 0.862305 0.492188 0.90625 0.475586 0.895507
9 0.557617 0.816406 0.575196 0.825196 0.545899 0.875976 0.526368 0.864258
10 0.272461 0.622071 0.288086 0.632813 0.265625 0.666016 0.25 0.655273
9 0.714844 0.939453 0.734375 0.950196 0.69336 1.01563 0.670898 1.00293
9 0.69629 0.915039 0.714844 0.927734 0.663086 1.00195 0.645508 0.989257
9 0.547851 0.959961 0.565429 0.969727 0.533203 1.01758 0.515625 1.00586
9 0.583007 0.827148 0.601562 0.836913 0.570312 0.883789 0.549804 0.873047
9 0.533203 0.945312 0.549804 0.956055 0.516601 1.00391 0.5 0.990234
9 0.511719 0.928711 0.529297 0.939453 0.49707 0.989257 0.478516 0.976562
9 0.583984 0.916016 0.600586 0.926757 0.570312 0.967774 0.551758 0.956055
9 0.568359 0.892578 0.585937 0.90332 0.554688 0.951171 0.536133 0.939453
9 0.547851 0.88086 0.564453 0.891602 0.535156 0.9375 0.515625 0.925782
9 0.525391 0.866211 0.544922 0.875976 0.512696 0.921875 0.495118 0.911133
9 0.493164 0.916016 0.508789 0.925782 0.475586 0.972656 0.458985 0.960938
9 0.47168 0.897461 0.489258 0.90625 0.458008 0.955078 0.439453 0.94336
9 0.449218 0.890625 0.464843 0.900391 0.43457 0.944336 0.419922 0.93457
9 0.425782 0.875976 0.442383 0.884766 0.411133 0.931641 0.393555 0.917969
9 0.620117 0.866211 0.635742 0.874999 0.607422 0.916016 0.591797 0.904297
9 0.632812 0.889648 0.649414 0.898438 0.62207 0.938477 0.606445 0.926757
10 0.213867 0.606445 0.228515 0.615235 0.206055 0.650391 0.19043 0.640625
10 0.147461 0.544922 0.137696 0.558594 0.110352 0.538086 0.119141 0.525391
10 0.899415 0.467773 0.914063 0.478515 0.892578 0.504883 0.87793 0.494141
9 0.951171 0.630859 0.962891 0.617187 1.00977 0.650391 0.998047 0.664063
9 0.228515 0.890625 0.240235 0.874999 0.314453 0.926757 0.302734 0.940429
10 0.299804 0.677735 0.314453 0.686523 0.290039 0.722657 0.274414 0.71289
10 0.337891 0.706054 0.352539 0.715821 0.328124 0.751953 0.313476 0.742188
10 0.271485 0.715821 0.285156 0.726562 0.261718 0.760743 0.24707 0.749023
10 0.291993 0.727539 0.306641 0.738281 0.280273 0.773438 0.264648 0.761718
10 0.307618 0.741211 0.322266 0.75293 0.297851 0.78418 0.28418 0.773438
10 0.262695 0.766602 0.275391 0.777344 0.250976 0.812501 0.237305 0.801758
10 0.28125 0.779297 0.295898 0.789062 0.270508 0.824219 0.254883 0.813476
9 0.977539 0.271484 0.964844 0.289062 0.914063 0.249024 0.925781 0.232422
10 0.69336 0.354492 0.710938 0.365234 0.68457 0.40332 0.668945 0.392578
10 0.862305 0.436523 0.87793 0.44629 0.854492 0.478515 0.839844 0.46875
10 0.123047 0.577149 0.112305 0.591796 0.0859375 0.574219 0.09375 0.560547
10 0.606445 0.263672 0.61914 0.270508 0.602539 0.296875 0.588867 0.289062
9 0.357422 0.572265 0.348632 0.589844 0.295898 0.557617 0.307618 0.540038
9 0.337891 0.276367 0.325196 0.267578 0.348632 0.234375 0.362304 0.242188
9 0.69629 0.0429687 0.685547 0.0585937 0.644532 0.0263672 0.654297 0.0126953
10 0.787109 0.0263672 0.794922 0.0166016 0.819336 0.0332032 0.8125 0.0439454
10 0.544922 0.158203 0.532226 0.15039 0.551758 0.123047 0.564453 0.130859
10 0.563476 0.170898 0.548828 0.161132 0.566406 0.134766 0.581054 0.143554
10 0.582031 0.143554 0.594727 0.152344 0.576172 0.180665 0.562501 0.172852
10 0.608399 0.205079 0.594727 0.196289 0.615234 0.169922 0.629883 0.179688
10 0.65918 0.241211 0.643555 0.231445 0.661133 0.208008 0.677735 0.216797
10 0.674805 0.256837 0.661133 0.24707 0.680665 0.217774 0.695313 0.226562
10 0.625 0.266602 0.638672 0.276367 0.618164 0.303711 0.604492 0.294923
10 0.560547 0.226562 0.573242 0.234375 0.557617 0.259766 0.543946 0.250976
10 0.717773 0.292969 0.703125 0.282226 0.728516 0.249024 0.742188 0.259766
10 0.739258 0.298828 0.725586 0.291016 0.743164 0.263672 0.757813 0.273438
10 0.753906 0.30957 0.741211 0.300781 0.761719 0.27539 0.774414 0.285156
10 0.768554 0.326171 0.754883 0.317383 0.777344 0.28711 0.791016 0.295898
10 0.789062 0.337891 0.774414 0.329102 0.793946 0.300781 0.807617 0.308594
10 0.80957 0.34961 0.794922 0.34082 0.814454 0.312499 0.829102 0.320312
10 0.826172 0.363282 0.810547 0.352539 0.830079 0.323242 0.845703 0.333007
10 0.842774 0.373047 0.828125 0.363282 0.849609 0.333007 0.864258 0.341797
10 0.859375 0.386719 0.84375 0.375977 0.866212 0.343749 0.88086 0.353516
10 0.87793 0.395507 0.862305 0.386719 0.881837 0.354492 0.896485 0.365234
10 0.894531 0.407227 0.879883 0.398438 0.899415 0.371093 0.913086 0.38086
10 0.924805 0.429687 0.910156 0.419921 0.928711 0.394532 0.941406 0.40332
10 0.991211 0.481445 0.976563 0.471679 0.998047 0.441406 1.01074 0.450196
