9 0.335777 0.0146622 0.337244 0.0263937 0.303519 0.027859 0.302052 0.016129
10 0.403225 0.467741 0.403225 0.454546 0.434017 0.456011 0.432552 0.469208
10 0.422287 0.258064 0.422287 0.243402 0.44868 0.246334 0.447214 0.259531
10 0.412023 0.208211 0.412023 0.221407 0.382698 0.219942 0.382698 0.206745
10 0.40909 0.227273 0.40909 0.24047 0.379766 0.24047 0.379766 0.225806
10 0.403225 0.38563 0.404693 0.398827 0.373901 0.39736 0.373901 0.384165
10 0.404693 0.331378 0.404693 0.346041 0.372433 0.344574 0.372433 0.329912
10 0.412023 0.278592 0.410558 0.291789 0.379766 0.291789 0.381231 0.277127
10 0.975073 0.916422 0.963343 0.916422 0.961878 0.887096 0.975073 0.887096
10 0.96041 0.791789 0.97214 0.790323 0.97214 0.821114 0.958945 0.821114
10 0.41349 0.260998 0.412023 0.274193 0.379766 0.272728 0.381231 0.258064
10 0.284457 0.461877 0.284457 0.444282 0.313782 0.445748 0.313782 0.461877
10 0.285925 0.426686 0.285925 0.413489 0.315249 0.414956 0.315249 0.426686
10 0.285925 0.392961 0.285925 0.379766 0.321114 0.381231 0.321114 0.392961
10 0.300587 0.0967735 0.302052 0.0850435 0.331379 0.0879772 0.329912 0.0997072
9 0.306452 -0.00293201 0.337244 -0.00293201 0.338709 0.00733111 0.306452 0.00879797
9 0.416423 0.0557178 0.414955 0.0689146 0.387096 0.0659825 0.388563 0.0527857
9 0.388563 0.0337247 0.388563 0.0205279 0.417888 0.0234601 0.417888 0.0366568
9 0.554252 0.645161 0.555718 0.630499 0.593842 0.633431 0.593842 0.648093
9 0.536658 0.221407 0.536658 0.236071 0.498534 0.234604 0.498534 0.219942
