9 0.265396 0.466278 0.271261 0.492666 0.202347 0.50293 0.197946 0.475072
1 0.129032 0.0249249 0.133432 0.0718471 -0.0425215 0.0923757 -0.0483862 0.0322595
7 0.175955 0.00586618 0.192081 0.00440133 0.196482 0.0513182 0.180351 0.0527884
7 0.234604 1.78989e-06 0.252198 -0.00293327 0.256599 0.0469183 0.237536 0.0483885
9 0.752199 0.519059 0.762465 0.546923 0.586511 0.59531 0.577714 0.565982
10 0.420823 0.678885 0.40176 0.68035 0.39736 0.636362 0.41789 0.634897
10 0.448679 0.678885 0.426688 0.678885 0.423755 0.630497 0.445746 0.630497
10 0.476539 0.623168 0.499999 0.624633 0.502931 0.67302 0.479472 0.674485
10 0.255131 0.136363 0.278594 0.136363 0.280058 0.18475 0.258063 0.186215
10 0.403224 0.0791764 0.40176 0.0542533 0.450147 0.0498534 0.45308 0.073312
10 0.818181 0.123169 0.841641 0.123169 0.843109 0.171556 0.821114 0.171556
10 0.460409 0.92229 0.464809 0.903226 0.513196 0.910555 0.508796 0.929619
9 0.89296 0.10557 0.862172 0.104105 0.859239 0.0395891 0.891496 0.0381242
9 0.0322577 0.780059 0.0513204 0.793253 0.0131949 0.840174 -0.00586403 0.824045
10 0.168622 0.774194 0.186216 0.788858 0.156892 0.826981 0.136365 0.812316
10 0.196482 0.146628 0.218477 0.143693 0.221409 0.190615 0.200879 0.19355
1 0.14223 -0.00293327 0.173022 -0.00586296 0.177419 0.0601177 0.146626 0.0645176
