2 0.777343 0.689452 0.817384 0.689452 0.817384 0.728515 0.777343 0.728515
2 0.75879 0.762696 0.797851 0.762696 0.797851 0.801758 0.75879 0.801758
2 0.804689 0.736329 0.842772 0.736329 0.842772 0.773438 0.804689 0.773438
2 0.785155 0.806641 0.824219 0.806641 0.824219 0.847657 0.785155 0.847657
2 0.832031 0.780274 0.870118 0.780274 0.870118 0.820312 0.832031 0.820312
2 0.733398 0.714844 0.770508 0.714844 0.770508 0.75586 0.733398 0.75586
2 0.75 0.642578 0.791016 0.642578 0.791016 0.682617 0.75 0.682617
2 0.705078 0.669921 0.744139 0.669921 0.744139 0.708984 0.705078 0.708984
2 0.722657 0.594726 0.761718 0.594726 0.761718 0.634765 0.722657 0.634765
2 0.45703 0.519532 0.469726 0.519532 0.469726 0.534179 0.45703 0.534179
2 0.458985 0.547853 0.470703 0.547853 0.470703 0.561524 0.458985 0.561524
2 0.316405 0.765624 0.368164 0.765624 0.368164 0.816405 0.316405 0.816405
2 0.341796 0.833008 0.392578 0.833008 0.392578 0.883788 0.341796 0.883788
2 0.39453 0.737304 0.447267 0.737304 0.447267 0.788087 0.39453 0.788087
2 0.418947 0.804687 0.471681 0.804687 0.471681 0.858399 0.418947 0.858399
2 0.367187 0.900391 0.418947 0.900391 0.418947 0.95215 0.367187 0.95215
2 0.747071 0.251953 0.79297 0.251953 0.79297 0.296876 0.747071 0.296876
2 0.819336 0.228516 0.84375 0.228516 0.84375 0.253906 0.819336 0.253906
2 0.831054 0.271484 0.857422 0.271484 0.857422 0.295898 0.831054 0.295898
2 0.86328 0.213867 0.890626 0.213867 0.890626 0.239258 0.86328 0.239258
2 0.506835 0.701173 0.563475 0.701173 0.563475 0.757813 0.506835 0.757813
2 0.578126 0.670899 0.632811 0.670899 0.632811 0.728515 0.578126 0.728515
2 0.536133 0.771485 0.592773 0.771485 0.592773 0.828125 0.536133 0.828125
2 0.56543 0.840821 0.621093 0.840821 0.621093 0.897462 0.56543 0.897462
2 0.605468 0.741211 0.661134 0.741211 0.661134 0.796876 0.605468 0.796876
2 0.637694 0.811523 0.690428 0.811523 0.690428 0.868164 0.637694 0.868164
2 0.470703 0.541014 0.48535 0.541014 0.48535 0.557617 0.470703 0.557617
2 0.675781 0.621093 0.715819 0.621093 0.715819 0.66211 0.675781 0.66211
2 0.222655 0.136719 0.231445 0.136719 0.231445 0.146484 0.222655 0.146484
2 0.440429 0.527343 0.453124 0.527343 0.453124 0.539064 0.440429 0.539064
2 0.217772 0.126953 0.227539 0.126953 0.227539 0.135742 0.217772 0.135742
2 0.213866 0.117187 0.222655 0.117187 0.222655 0.125976 0.213866 0.125976
2 0.358398 0.44336 0.373048 0.44336 0.373048 0.45996 0.358398 0.45996
2 0.289062 0.248047 0.310547 0.248047 0.310547 0.271484 0.289062 0.271484
2 0.297852 0.276366 0.319337 0.276366 0.319337 0.299804 0.297852 0.299804
2 0.315431 0.240234 0.335938 0.240234 0.335938 0.259766 0.315431 0.259766
2 0.326172 0.266602 0.346679 0.266602 0.346679 0.289062 0.326172 0.289062
2 0.341796 0.296876 0.358398 0.296876 0.358398 0.315429 0.341796 0.315429
2 0.371093 0.259766 0.390624 0.259766 0.390624 0.279297 0.371093 0.279297
2 0.396484 0.250977 0.416015 0.250977 0.416015 0.271484 0.396484 0.271484
2 0.341796 0.397461 0.358398 0.397461 0.358398 0.416015 0.341796 0.416015
2 0.351563 0.4209 0.367187 0.4209 0.367187 0.4375 0.351563 0.4375
2 0.373048 0.384766 0.393556 0.384766 0.393556 0.407226 0.373048 0.407226
2 0.382812 0.418946 0.405274 0.418946 0.405274 0.44336 0.382812 0.44336
2 0.401368 0.375001 0.424804 0.375001 0.424804 0.399415 0.401368 0.399415
2 0.431639 0.368163 0.448241 0.368163 0.448241 0.384766 0.431639 0.384766
2 0.441406 0.39453 0.454102 0.39453 0.454102 0.408204 0.441406 0.408204
2 0.412109 0.408204 0.434571 0.408204 0.434571 0.430664 0.412109 0.430664
2 0.449218 0.413086 0.460937 0.413086 0.460937 0.425782 0.449218 0.425782
2 0.397462 0.533203 0.416992 0.533203 0.416992 0.556642 0.397462 0.556642
2 0.405274 0.560546 0.426759 0.560546 0.426759 0.582031 0.405274 0.582031
2 0.436523 0.555664 0.450196 0.555664 0.450196 0.571288 0.436523 0.571288
2 0.119139 0.0781249 0.132812 0.0781249 0.132812 0.0898438 0.119139 0.0898438
2 0.125 0.09375 0.138673 0.09375 0.138673 0.106445 0.125 0.106445
2 0.130861 0.109375 0.143556 0.109375 0.143556 0.123047 0.130861 0.123047
2 0.813478 0.544921 0.850584 0.544921 0.850584 0.584962 0.813478 0.584962
2 0.838866 0.593751 0.878908 0.593751 0.878908 0.633789 0.838866 0.633789
2 0.609374 0.425782 0.623047 0.425782 0.623047 0.440428 0.609374 0.440428
2 0.443361 0.87207 0.49414 0.87207 0.49414 0.924805 0.443361 0.924805
2 0.468749 0.943361 0.52246 0.943361 0.52246 0.996095 0.468749 0.996095
2 0.592773 0.433593 0.606446 0.433593 0.606446 0.445313 0.592773 0.445313
2 0.631837 0.417968 0.646484 0.417968 0.646484 0.433593 0.631837 0.433593
2 0.901367 0.254884 0.914062 0.254884 0.914062 0.267577 0.901367 0.267577
2 0.867186 0.640625 0.90625 0.640625 0.90625 0.679688 0.867186 0.679688
2 0.892577 0.687499 0.933593 0.687499 0.933593 0.726562 0.892577 0.726562
2 0.919923 0.733397 0.958984 0.733397 0.958984 0.770507 0.919923 0.770507
2 0.860351 0.520508 0.90039 0.520508 0.90039 0.55957 0.860351 0.55957
2 0.88672 0.567384 0.925781 0.567384 0.925781 0.604493 0.88672 0.604493
2 0.913085 0.615233 0.953126 0.615233 0.953126 0.652343 0.913085 0.652343
2 0.940431 0.66211 0.979492 0.66211 0.979492 0.698241 0.940431 0.698241
2 0.966796 0.706055 1.00488 0.706055 1.00488 0.745118 0.966796 0.745118
2 0.90039 0.201172 0.925781 0.201172 0.925781 0.225586 0.90039 0.225586
2 0.881836 0.259766 0.894532 0.259766 0.894532 0.273437 0.881836 0.273437
2 0.651367 0.411133 0.666992 0.411133 0.666992 0.425782 0.651367 0.425782
