2 0.318359 0.811523 0.337889 0.811523 0.337889 0.833009 0.318359 0.833009
2 0.13965 0.146485 0.166992 0.146485 0.166992 0.17578 0.13965 0.17578
2 0.0957017 0.117187 0.125978 0.117187 0.125978 0.146485 0.0957017 0.146485
2 0.114256 0.180664 0.143556 0.180664 0.143556 0.210938 0.114256 0.210938
2 0.0742173 0.150391 0.102538 0.150391 0.102538 0.181639 0.0742173 0.181639
2 0.0830085 0.219728 0.117187 0.219728 0.117187 0.252929 0.0830085 0.252929
2 0.0566425 0.256835 0.0878899 0.256835 0.0878899 0.289062 0.0566425 0.289062
2 0.0400395 0.187501 0.0742173 0.187501 0.0742173 0.222656 0.0400395 0.222656
2 0.0156245 0.22754 0.0459001 0.22754 0.0459001 0.257813 0.0156245 0.257813
2 0.304687 0.840821 0.327147 0.840821 0.327147 0.86621 0.304687 0.86621
2 0.285157 0.86621 0.307617 0.86621 0.307617 0.890625 0.285157 0.890625
2 0.289063 0.923829 0.328126 0.923829 0.328126 0.96289 0.289063 0.96289
2 0.255861 0.894531 0.287108 0.894531 0.287108 0.927735 0.255861 0.927735
2 0.238282 0.941406 0.27539 0.941406 0.27539 0.982422 0.238282 0.982422
2 0.294924 0.680664 0.337889 0.680664 0.337889 0.720703 0.294924 0.720703
2 0.217773 0.728515 0.277345 0.728515 0.277345 0.782227 0.217773 0.782227
2 0.148438 0.799805 0.223634 0.799805 0.223634 0.878906 0.148438 0.878906
2 0.141602 0.0986317 0.16211 0.0986317 0.16211 0.123046 0.141602 0.123046
2 0.166017 0.11914 0.190432 0.11914 0.190432 0.142579 0.166017 0.142579
2 0.0634749 0.396484 0.0917959 0.396484 0.0917959 0.427735 0.0634749 0.427735
2 0.0908203 0.365235 0.114256 0.365235 0.114256 0.391602 0.0908203 0.391602
2 0.34668 0.612306 0.36914 0.612306 0.36914 0.63672 0.34668 0.63672
2 0.20508 0.477539 0.261718 0.477539 0.261718 0.538085 0.20508 0.538085
2 0.132814 0.425782 0.191407 0.425782 0.191407 0.482422 0.132814 0.482422
2 0.256836 0.405274 0.313478 0.405274 0.313478 0.464845 0.256836 0.464845
2 0.344725 0.304688 0.384764 0.304688 0.384764 0.34668 0.344725 0.34668
2 0.274415 0.254882 0.314453 0.254882 0.314453 0.293945 0.274415 0.293945
2 0.240233 0.297852 0.282227 0.297852 0.282227 0.338868 0.240233 0.338868
2 0.314453 0.350586 0.352537 0.350586 0.352537 0.391602 0.314453 0.391602
2 0.185546 0.352539 0.243163 0.352539 0.243163 0.411133 0.185546 0.411133
2 0.222654 0.214844 0.239258 0.214844 0.239258 0.231446 0.222654 0.231446
2 0.201174 0.201172 0.217773 0.201172 0.217773 0.216797 0.201174 0.216797
2 0.206055 0.236327 0.221679 0.236327 0.221679 0.252929 0.206055 0.252929
2 0.184571 0.221681 0.201174 0.221681 0.201174 0.239258 0.184571 0.239258
2 0.169922 0.260741 0.191407 0.260741 0.191407 0.282227 0.169922 0.282227
2 0.152344 0.28418 0.173828 0.28418 0.173828 0.304688 0.152344 0.304688
2 0.13379 0.305664 0.158205 0.305664 0.158205 0.330078 0.13379 0.330078
2 0.113281 0.334962 0.13672 0.334962 0.13672 0.359376 0.113281 0.359376
2 0.154299 0.59375 0.215822 0.59375 0.215822 0.648438 0.154299 0.648438
2 0.113281 0.654297 0.169922 0.654297 0.169922 0.711913 0.113281 0.711913
2 0.0615239 0.723634 0.118166 0.723634 0.118166 0.78125 0.0615239 0.78125
2 0.0859389 0.538085 0.144532 0.538085 0.144532 0.595703 0.0859389 0.595703
2 0.0419903 0.598632 0.101563 0.598632 0.101563 0.661134 0.0419903 0.661134
2 -0.0136721 0.673828 0.0468757 0.673828 0.0468757 0.730468 -0.0136721 0.730468
2 0.0273421 0.473632 0.0576179 0.473632 0.0576179 0.505859 0.0273421 0.505859
2 -0.00195432 0.516602 0.0273421 0.516602 0.0273421 0.544922 -0.00195432 0.544922
2 0.32129 0.592773 0.34375 0.592773 0.34375 0.615234 0.32129 0.615234
2 0.292969 0.571289 0.314453 0.571289 0.314453 0.592773 0.292969 0.592773
2 0.310548 0.544922 0.334963 0.544922 0.334963 0.567383 0.310548 0.567383
2 0.924805 0.804689 0.947265 0.804689 0.947265 0.826172 0.924805 0.826172
2 0.896484 0.801758 0.918944 0.801758 0.918944 0.823241 0.896484 0.823241
2 0.907226 0.69336 0.963868 0.69336 0.963868 0.748048 0.907226 0.748048
2 0.916014 0.622071 0.970705 0.622071 0.970705 0.675781 0.916014 0.675781
2 0.92383 0.485351 0.972656 0.485351 0.972656 0.531251 0.92383 0.531251
2 0.925781 0.423829 0.966799 0.423829 0.966799 0.464845 0.925781 0.464845
2 0.870118 0.416992 0.909181 0.416992 0.909181 0.45703 0.870118 0.45703
2 0.330077 0.518555 0.348631 0.518555 0.348631 0.53711 0.330077 0.53711
2 0.737305 0.381837 0.765626 0.381837 0.765626 0.414064 0.737305 0.414064
2 0.593749 0.408202 0.623045 0.408202 0.623045 0.4375 0.593749 0.4375
2 0.600585 0.363282 0.626951 0.363282 0.626951 0.392578 0.600585 0.392578
2 0.538087 0.4375 0.568359 0.4375 0.568359 0.466798 0.538087 0.466798
2 0.544923 0.391602 0.574219 0.391602 0.574219 0.420898 0.544923 0.420898
2 0.548829 0.34668 0.578125 0.34668 0.578125 0.375975 0.548829 0.375975
2 0.449218 0.529298 0.521483 0.529298 0.521483 0.601563 0.449218 0.601563
2 0.438475 0.626952 0.507811 0.626952 0.507811 0.695313 0.438475 0.695313
2 0.370116 0.189454 0.396486 0.189454 0.396486 0.217775 0.370116 0.217775
2 0.336914 0.166015 0.364259 0.166015 0.364259 0.195313 0.336914 0.195313
2 0.422852 0.769531 0.496093 0.769531 0.496093 0.839843 0.422852 0.839843
2 0.41504 0.862304 0.488281 0.862304 0.488281 0.932616 0.41504 0.932616
2 0.377928 0.452149 0.397461 0.452149 0.397461 0.472657 0.377928 0.472657
2 0.362304 0.47461 0.381838 0.47461 0.381838 0.495118 0.362304 0.495118
2 0.345705 0.496094 0.364259 0.496094 0.364259 0.515624 0.345705 0.515624
2 0.360353 0.540038 0.380858 0.540038 0.380858 0.562499 0.360353 0.562499
2 0.339844 0.56543 0.362304 0.56543 0.362304 0.588867 0.339844 0.588867
2 0.698241 0.426757 0.714844 0.426757 0.714844 0.44629 0.698241 0.44629
2 0.729493 0.429688 0.756835 0.429688 0.756835 0.456055 0.729493 0.456055
2 0.863282 0.476563 0.908202 0.476563 0.908202 0.525392 0.863282 0.525392
2 0.78418 0.386718 0.813476 0.386718 0.813476 0.418945 0.78418 0.418945
2 0.846678 0.613281 0.90039 0.613281 0.90039 0.666993 0.846678 0.666993
2 0.836916 0.685546 0.891603 0.685546 0.891603 0.740233 0.836916 0.740233
2 0.780274 0.850586 0.819337 0.850586 0.819337 0.888672 0.780274 0.888672
2 0.786134 0.797852 0.824219 0.797852 0.824219 0.836915 0.786134 0.836915
2 0.711914 0.794921 0.766601 0.794921 0.766601 0.845702 0.711914 0.845702
2 0.704102 0.874023 0.757814 0.874023 0.757814 0.92871 0.704102 0.92871
2 0.615234 0.788087 0.683593 0.788087 0.683593 0.856445 0.615234 0.856445
2 0.605467 0.882812 0.675781 0.882812 0.675781 0.952149 0.605467 0.952149
2 0.51172 0.872069 0.582031 0.872069 0.582031 0.941406 0.51172 0.941406
2 0.518553 0.779297 0.591798 0.779297 0.591798 0.84668 0.518553 0.84668
2 0.744141 0.65625 0.814452 0.65625 0.814452 0.728515 0.744141 0.728515
2 0.629882 0.643554 0.699217 0.643554 0.699217 0.715822 0.629882 0.715822
2 0.533201 0.634767 0.603516 0.634767 0.603516 0.706054 0.533201 0.706054
2 0.753908 0.561524 0.825194 0.561524 0.825194 0.633789 0.753908 0.633789
2 0.639649 0.548828 0.709959 0.548828 0.709959 0.621093 0.639649 0.621093
2 0.544923 0.540038 0.615234 0.540038 0.615234 0.609375 0.544923 0.609375
2 0.78125 0.434569 0.807615 0.434569 0.807615 0.461914 0.78125 0.461914
