2 0.234605 0.678886 0.300587 0.678886 0.300587 0.739 0.234605 0.739
2 0.161292 0.684751 0.227275 0.684751 0.227275 0.749267 0.161292 0.749267
2 0.0806427 0.702346 0.145159 0.702346 0.145159 0.76393 0.0806427 0.76393
2 0.219944 0.59091 0.285926 0.59091 0.285926 0.656889 0.219944 0.656889
2 0.148091 0.599707 0.212607 0.599707 0.212607 0.667156 0.148091 0.667156
2 0.0703798 0.611438 0.134896 0.611438 0.134896 0.677417 0.0703798 0.677417
2 0.0278617 0.523461 0.111438 0.523461 0.111438 0.61437 0.0278617 0.61437
2 0.174488 0.967744 0.222876 0.967744 0.222876 1.0132 0.174488 1.0132
2 0.0439893 0.385632 0.0703798 0.385632 0.0703798 0.413488 0.0439893 0.413488
2 0.486805 0.897363 0.621702 0.897363 0.621702 1.03079 0.486805 1.03079
2 0.856308 0.121704 0.875367 0.121704 0.875367 0.143695 0.856308 0.143695
2 0.848971 0.0982433 0.868037 0.0982433 0.868037 0.117302 0.848971 0.117302
2 0.813784 0.058651 0.846039 0.058651 0.846039 0.0909091 0.813784 0.0909091
2 0.766861 0.0557185 0.784455 0.0557185 0.784455 0.0733138 0.766861 0.0733138
2 0.772725 0.123167 0.797656 0.123167 0.797656 0.151029 0.772725 0.151029
