2 0.334312 0.123168 0.344575 0.123168 0.344575 0.136365 0.334312 0.136365
2 0.347507 0.121701 0.362169 0.121701 0.362169 0.136365 0.347507 0.136365
2 0.388565 0.118767 0.413489 0.118767 0.413489 0.146627 0.388565 0.146627
2 0.272729 0.230207 0.297653 0.230207 0.297653 0.255133 0.272729 0.255133
2 0.307916 0.22874 0.332846 0.22874 0.332846 0.253666 0.307916 0.253666
2 0.341643 0.225805 0.366567 0.225805 0.366567 0.250731 0.341643 0.250731
2 0.375364 0.225805 0.400294 0.225805 0.400294 0.252198 0.375364 0.252198
2 0.406159 0.236072 0.423752 0.236072 0.423752 0.255133 0.406159 0.255133
2 0.406159 0.212609 0.422286 0.212609 0.422286 0.230207 0.406159 0.230207
2 0.406159 0.187683 0.422286 0.187683 0.422286 0.206745 0.406159 0.206745
2 0.375364 0.192081 0.400294 0.192081 0.400294 0.218474 0.375364 0.218474
2 0.341643 0.193548 0.366567 0.193548 0.366567 0.218474 0.341643 0.218474
2 0.30645 0.193548 0.332846 0.193548 0.332846 0.218474 0.30645 0.218474
2 0.272729 0.196482 0.297653 0.196482 0.297653 0.221408 0.272729 0.221408
